MeshVersionFormatted 0

Dimension
2

Identifier
";14, Date: 09/09/08 14:35 09s"

Geometry
"meshP1H1Cond.txt.gmsh"

Vertices
1026
1 1 3
0.833790531815 0.977225869749 0
0.691346895888 1 3
1 0.879624369241 2
0.797376834472 0.87362506399 0
0.351543770125 1 3
0.57117140909 0.912375080531 0
0.245482519853 0.742686055374 0
0.265386705764 0.826772474384 0
0.405828143362 0.860695829111 0
1 0.759311129963 2
0.730780525018 0.768410973099 0
0.0605089744839 1 3
0.429701231863 0.642259379738 0
0.0380256893501 0.869142667797 0
0.160852594811 0.724434645322 0
0.371510337907 0.610424728687 0
0.501330708426 0.685300493232 0
0.620362757863 0.702865773231 0
0.571123590681 0.546227096463 0
0.304105245287 0.604590679304 0
1 0.634839044554 2
0.803650212754 0.614957790782 0
-0.142866175259 1 3
0.522088719645 0.506038715529 0
-0.140704048608 0.890840310153 0
-0.0314361662295 0.797677562104 0
0.137059617462 0.674668685111 0
0.450044947337 0.520175305616 0
0.680150931724 0.53854635589 0
0.613204013757 0.454275857676 0
0.310628180173 0.566861009537 0
0.410110615144 0.517696585172 0
0.669617491726 0.419855811995 0
0.627828665382 0.380370467461 0
0.191875311264 0.615991616241 0
0.532938585536 0.453387078219 0
-0.0593536519642 0.7531594327 0
0.269706297518 0.564553785456 0
1 0.501208751535 2
0.836371373729 0.488134317538 0
-0.2525573089 0.929982786535 0
-0.265803706801 1 3
0.585836457528 0.404431834655 0
-0.214715235554 0.848690143388 0
0.0117703432369 0.689510169744 0
0.483813973782 0.460992213713 0
0.739677298129 0.408635178374 0
0.392944138045 0.503651316938 0
0.668972629339 0.332757234012 0
0.61425979589 0.334252757751 0
0.116646287935 0.62672187378 0
0.542967267094 0.416638844994 0
-0.183639518682 0.785478560026 0
0.196095415084 0.584017549443 0
0.303962181176 0.538100110413 0
0.14245707027 0.600016935411 0
0.832935700182 0.36454175387 0
-0.124369669787 0.730878049643 0
0.610754165903 0.275161058816 0
1 0.34312451191 2
-0.322278598654 0.927549028405 0
-0.339324758852 1 3
0.575661740427 0.373316610126 0
-0.315276758247 0.867717064018 0
-0.00824024661355 0.6714960981 0
0.478395788294 0.441687900545 0
0.526798628263 0.408624481773 0
0.724231632589 0.25668799597 0
0.377060623742 0.498520168079 0
0.435083890387 0.46623552866 0
0.654127802802 0.24712791223 0
0.587714656756 0.304125401071 0
0.583910792825 0.338866639169 0
0.0816369260348 0.626941153632 0
-0.257894243113 0.802382294181 0
0.256138687229 0.551197444238 0
0.194124319835 0.574893707677 0
0.324647177751 0.51960597776 0
0.126697298674 0.599875246974 0
0.843365318597 0.220678568496 0
-0.209970196332 0.759046395009 0
-0.113329742112 0.70922473064 0
0.574086154513 0.270612967669 0
0.563134146085 0.213034131821 0
0.597550723207 0.202806206918 0
0.554646526313 0.234818041024 0
-0.050480017329 0.677712871143 0
-0.194223468699 0.740805686892 0
0.0626792239507 0.62664276349 0
0.529807989642 0.233520764844 0
1 0.117802047544 2
-0.378535638471 0.938405700172 0
-0.382844996102 1 3
0.552917282792 0.367253419972 0
-0.344663992308 0.850462753083 0
-0.383318415985 0.896430091479 0
0.00595388138334 0.651834744618 0
0.472439315794 0.430642947434 0
0.516966484502 0.396966541686 0
0.689210873898 0.0932467774266 0
0.590160295722 0.115028712548 0
0.421538754571 0.464235890517 0
0.365326336339 0.492872732907 0
0.557243265282 0.286784956415 0
0.563846414487 0.328740795145 0
-0.299894483811 0.805633988085 0
0.245746061925 0.548103238977 0
0.301929456939 0.522657288841 0
0.182625615991 0.573235912385 0
0.088072186332 0.610872807989 0
0.140284320488 0.586995019218 0
0.794085385059 -0.0211511187252 0
-0.272300527485 0.778639159721 0
-0.101455993412 0.693350584814 0
-0.158604229514 0.719391486569 0
0.512949134452 0.131649007395 0
0.502987628043 0.180268461224 0
-0.0509213516635 0.670281498091 0
-0.241672778106 0.755478215785 0
0.0273080167064 0.635830477302 0
0.491393230285 0.211185517397 0
0.470238176061 0.179980853568 0
0.529344371645 0.252053242964 0
-0.363685357255 0.844568635855 0
0.230611812535 0.54981546291 0
0.434433499367 0.168456623953 0
1 -0.154193112436 2
-0.421052689715 0.927283454466 0
-0.412833387063 0.960957023598 0
-0.408782357402 1 3
0.538973500782 0.355660679633 0
-0.403033580146 0.886609650741 0
-0.0238670974294 0.655136767 0
0.459238579803 0.428516995925 0
0.502528464946 0.395569473661 0
0.534763982104 -0.0883042487271 0
0.429171647485 -0.00303937099187 0
0.415100627159 0.459795755469 0
0.387485759222 0.471106311949 0
0.340626250785 0.496595381578 0
0.534990745438 0.278643940515 0
0.546422125813 0.316225184058 0
-0.343399614808 0.817818096879 0
0.286538820759 0.522008395351 0
0.1913419233 0.562867763604 0
0.101349369347 0.598881249304 0
0.0569715228774 0.619203890456 0
0.153055940596 0.574622507823 0
0.670522444238 -0.241530342899 0
-0.315377947198 0.791521405344 0
-0.139544797804 0.70403029258 0
-0.0857625889175 0.67918272094 0
-0.192106470228 0.729042932858 0
0.448178176677 0.124622922988 0
0.38160037099 0.0470541553384 0
0.418741851511 0.132251427611 0
-0.237655439067 0.746370853554 0
-0.289138545877 0.770682947531 0
0.00791485764881 0.637354029766 0
0.465092220953 0.200936582417 0
0.505630690278 0.239120159098 0
0.384282091504 0.128169185365 0
-0.399395157823 0.864349630913 0
0.243620515152 0.5384602 0
0.412002631229 0.164007539419 0
0.36129052495 0.126594165171 0
0.518233123687 0.367409082533 0
0.360233325882 0.134463888439 0
0.128709336014 0.0303982570405 0
0.281918013536 0.100719209196 0
0.331109156085 0.124410727149 0
0.170790345387 0.0509933223215 0
0.204490606279 0.069649147251 0
0.439377215067 0.191445214699 0
0.294948775628 0.0985308109262 0
0.231542502704 0.0751755180886 0
0.748071719699 -0.395518505418 0
1 -0.36392035018 2
-0.446811536919 0.939066636152 0
-0.435503398728 0.964933550559 0
-0.435507040908 0.905354013988 0
-0.429377804455 1 3
0.527702333561 0.334431523275 0
-0.0459823201382 0.657878523987 0
0.434341924801 0.435691326805 0
0.482284918306 0.397631502287 0
0.265295713094 -0.193643437124 0
0.385519236546 -0.29925187655 0
0.216979142321 -0.0909843285768 0
0.387820119889 0.461744291806 0
0.335577961349 0.490286004368 0
0.528197525207 0.2977244123 0
0.510417943766 0.262992253854 0
-0.390632309898 0.844299151495 0
-0.380497318735 0.827818512773 0
0.279970706205 0.515633553602 0
0.215458737204 0.544945830339 0
0.102046616976 0.590815347026 0
0.0486857257383 0.616470792061 0
0.166181787005 0.560020295889 0
0.496006145506 -0.404205323334 0
-0.357363582649 0.804500013333 0
-0.190284135566 0.722015760122 0
-0.141011095808 0.698544501394 0
-0.0970519909547 0.677680298886 0
0.33913844445 0.0675441395795 0
0.231406072223 -0.0190391349569 0
0.307181596176 0.0745303982187 0
-0.24886894263 0.745232009535 0
-0.320688600944 0.779275998628 0
-0.0101286763438 0.638219034252 0
0.482849505262 0.228519793887 0
0.279957591479 0.0790487811255 0
-0.426214336933 0.877227447416 0
0.386455333095 0.15894423456 0
0.506837841121 0.361450231661 0
0.102699929807 0.0143895128839 0
0.174127679599 0.0451052234165 0
0.114589379044 0.0303460185464 0
0.0773731446002 0.0116908555178 0
0.264989723577 0.0994068104858 0
0.327356975132 0.12991211095 0
0.149520006595 0.0481938237374 0
0.181953512604 0.0665097587075 0
0.225885751905 0.0840150196411 0
0.460371067501 0.217656198963 0
0.423956022746 0.191687993058 0
0.230268210943 0.0653694351975 0
-0.300288921749 0.764205844438 0
0.025370300712 -0.00649089146132 0
0.0377891389878 -0.00825938407962 0
0.344773968632 -0.474763919331 0
0.555848423379 -0.5164728835 0
0.731729502984 -0.561556424537 0
1 -0.519275756512 2
-0.460812809599 0.929618582644 0
-0.457991739307 0.965750305715 0
-0.452585792909 0.899465469483 0
-0.447754540362 1 3
0.497423718763 0.339626605264 0
0.511814823921 0.313777774542 0
-0.0815771397752 0.664778396758 0
0.419129423317 0.432086568327 0
0.455444705351 0.408356750811 0
0.47637006171 0.380926782113 0
0.14613209663 -0.372293365334 0
0.0316332054162 -0.246351149897 0
0.0156822965002 -0.140213269436 0
0.359304011042 0.468611354093 0
0.385533268377 0.45092746804 0
0.309792171739 0.493238009681 0
0.50214741214 0.281623803672 0
0.484174946125 0.25060384503 0
-0.429723179133 0.866339025447 0
-0.429811201413 0.852716849262 0
-0.409531702084 0.833662912936 0
0.233282305985 0.527891952936 0
0.0371251844883 0.611447431271 0
0.0995098928061 0.582260771098 0
0.158713124635 0.554668747187 0
-0.373108424152 0.801699017414 0
-0.409311347866 0.822268280732 0
-0.19451243765 0.717487138166 0
-0.147494514589 0.694248326211 0
0.164615646602 -0.0161874143985 0
0.183569012927 0.0222350582755 0
-0.252095565125 0.737631053839 0
-0.355172138433 0.784875230925 0
-0.0375879740856 0.641302403532 0
0.156608352421 0.0277694189588 0
0.37525328583 0.16296195934 0
0.490323735756 0.358856374865 0
0.0480428543841 -0.0127254705302 0
0.0975475018773 0.0290941130679 0
0.0635248031973 0.0126422528705 0
0.246855046608 0.100731354892 0
0.313415702529 0.131233300735 0
0.128756850982 0.0463210689802 0
0.183050745741 0.0748158615724 0
0.430012368964 0.208464632248 0
0.456125919815 0.227608826869 0
0.400223123441 0.187784032844 0
-0.312133767595 0.761465069129 0
0.0205290043814 -0.00198072975001 0
-0.0233963568046 -0.022637458951 0
-0.021403357853 -0.0288714713156 0
-0.0154029250405 -0.0334387658057 0
0.261086571976 -0.534978221764 0
0.489740947382 -0.598009722813 0
-0.468711335062 1 3
1 -1 2
1 -0.767406322128 2
0.889297672447 -0.956704858739 0
1 -0.883056800059 2
1 -0.648351619231 2
0.461286872591 0.246073348142 0
0.296168384014 -0.617253067835 0
0.468701641197 0.360957672528 0
-0.137530685644 0.68164260062 0
0.253955874397 -0.641758594872 0
-0.0680348511322 -0.0440936616216 0
0.159120593654 0.0722596183115 0
0.634895186053 -0.678892651691 0
0.783337060394 -0.684665560259 0
-0.479027082157 0.945854408626 0
-0.477827266251 0.918743280155 0
-0.483613360642 0.970980257237 0
-0.467918247426 0.893594325185 0
0.484444246259 0.321467961568 0
0.461312328834 0.342410626093 0
0.483621969979 0.294563980684 0
-0.0781058124136 0.65291573307 0
0.431907236343 0.409444142237 0
0.381579926556 0.441581213166 0
0.4448346711 0.38867537513 0
0.0217069535012 -0.453407628334 0
-0.0923735700527 -0.347862930231 0
-0.154122574053 -0.259036711578 0
-0.172983547244 -0.190748400479 0
-0.040628364056 -0.109668142253 0
0.328595854674 0.475118806223 0
0.264575272224 0.507444263452 0
0.467142414849 0.264582653217 0
-0.457004981416 0.875081123497 0
-0.445679524564 0.84502628358 0
-0.460873175956 0.863872124765 0
0.209552151421 0.529319549702 0
-0.0167981296252 0.625182656836 0
0.0422085413686 0.600388898133 0
0.103210726391 0.573848296986 0
0.158489933611 0.548136919973 0
-0.395736178381 0.802956980853 0
-0.430163928054 0.82146990634 0
-0.205612954282 0.712198717233 0
0.0132468755717 -0.0584244816278 0
0.0455408209477 -0.0253409990207 0
-0.263932815722 0.732840411567 0
-0.328749554933 0.762893630343 0
-0.358609761053 0.77439917552 0
0.351776661208 0.159692552629 0
-0.0566494957926 -0.0577087834936 0
0.0537445981088 0.0175993743867 0
0.223589129107 0.0990510405958 0
0.28739929689 0.128205413703 0
0.113417827105 0.0473487805989 0
0.391660748016 0.195744798788 0
0.42648230754 0.220174758991 0
0.359108037185 0.172532597695 0
-0.0225647222391 -0.0145928250469 0
-0.0802975675805 -0.0424970440184 0
-0.0798937375315 -0.0569775005342 0
0.421670135816 -0.654054072368 0
0.124534633551 -0.549534448123 0
0.547813499361 -0.719139121474 0
-0.49545566982 1 3
0.814557850633 -1 1
0.805852951639 -0.787694273237 0
0.825558165224 -0.882504216488 0
0.428853583331 0.234078816128 0
0.381267319577 -0.692541535977 0
0.431448185645 0.383826518381 0
-0.172636411841 0.690476991742 0
-0.120248746588 0.665899373867 0
0.178912871583 -0.641028167781 0
0.112066980238 -0.589976805333 0
0.330189095042 -0.698237543939 0
-0.126720792545 -0.0660029713879 0
-0.108439057599 -0.0636799175214 0
0.190154091636 0.0901325404867 0
0.134628335328 0.0675427219054 0
0.103827166468 0.0509162016466 0
0.0566225256308 0.588950872405 0
0.299558023994 -0.699364030565 0
-0.105918276104 -0.0454656794064 0
0.665711634891 -0.799664696238 0
-0.501996350259 0.937175796212 0
-0.493427998756 0.90827109072 0
-0.514227955777 0.964274566222 0
-0.487402677681 0.884524622475 0
0.462101986794 0.30538764983 0
0.446053433361 0.315811612639 0
0.437872912478 0.350552514032 0
0.424680963298 0.376323926413 0
0.454242787618 0.275299126959 0
-0.0640762229929 0.64015661332 0
0.391472481989 0.422827498114 0
0.341334336643 0.455591584342 0
0.319941720234 0.47259083728 0
-0.0624533066523 -0.497587605579 0
-0.172342557935 -0.411507449122 0
-0.245928158447 -0.333058972739 0
-0.274106030834 -0.268256363689 0
-0.261824025766 -0.206391783605 0
-0.172360169673 -0.14231226048 0
0.265442491896 0.500337894985 0
0.419095958098 0.240969983279 0
-0.478413997966 0.862477798978 0
-0.464927566085 0.842349956566 0
0.216403542448 0.519065991451 0
-0.00313725613761 0.61224846602 0
0.1088409719 0.564851259628 0
0.165380959766 0.538887649419 0
-0.390480976533 0.78693837951 0
-0.437958282434 0.814310525182 0
-0.212078765559 0.704703950411 0
-0.106633810045 -0.0922528146987 0
-0.250391685688 0.718568372698 0
-0.298219136733 0.741568240622 0
-0.330768943603 0.751791883312 0
0.303153637909 0.143758089319 0
-0.163114978768 -0.104657646704 0
-0.137836088674 -0.0852698961981 0
0.012034046645 0.00830744265131 0
0.057741839631 0.0296364859028 0
0.240587245449 0.114945948783 0
0.381354714127 0.201181771728 0
0.333873796017 0.167017898937 0
-0.0486163787853 -0.0173792435447 0
-0.151730425872 -0.0703272289653 0
-0.159002340524 -0.0869433147234 0
0.484583345427 -0.741074938947 0
0.576149737354 -0.796699693138 0
-0.518012416986 1 3
0.724246958261 -0.895389929242 0
0.69728647208 -1 1
0.439816871175 -0.752658915227 0
0.385808017782 0.413132967876 0
-0.167536395748 0.681684481537 0
-0.1157618684 0.657781221441 0
0.19774216674 -0.666459193938 0
-0.0170450331364 -0.559117260679 0
0.0689959539054 -0.616167728848 0
0.404014526516 -0.754368574597 0
-0.188973715006 -0.091920169107 0
0.177821868427 0.0901709498193 0
0.120248542109 0.0659754062461 0
0.072020034209 0.0426488617725 0
0.0513458428115 0.584686937062 0
0.316881124283 -0.720035645072 0
-0.179225287889 -0.0726980503082 0
-0.10762979612 -0.0369192792748 0
-0.513302164916 0.918894296217 0
-0.217198673243 -0.110431503281 0
-0.0363643166492 -0.58206904138 0
-0.0641315752973 -0.560735108875 0
0.427252567676 0.340946447053 0
0.247700356661 -0.696864202766 0
0.394494198135 -0.763323606526 0
-0.331639513859 -0.261493744534 0
0.606125380291 -0.852203324227 0
-0.529579133112 0.927973626255 0
-0.51256992545 0.898788173458 0
-0.53963066762 0.958829393661 0
-0.498998019332 0.86881938842 0
0.430093503541 0.273365813533 0
0.424942717973 0.298673881982 0
0.39377121749 0.388844788497 0
-0.0622703393498 0.632310893575 0
0.330655167007 0.452803434675 0
0.274378034776 0.487342001365 0
-0.197456465545 -0.462925363976 0
-0.276669940371 -0.392680321833 0
-0.332632889776 -0.329618717152 0
-0.29205500849 -0.198320252101 0
-0.237840635086 -0.149662301097 0
0.366024886117 0.202334543939 0
0.383900785307 0.228812107128 0
-0.476941555839 0.839296786257 0
0.20630961736 0.514680405724 0
-0.0157389972161 0.608332996818 0
0.123882530143 0.550794700925 0
-0.358017996401 0.758294829054 0
-0.407848440295 0.78733945074 0
-0.447581390389 0.809055699546 0
-0.215717760428 0.698272558778 0
-0.269540115025 0.721004160989 0
-0.298898015091 0.728565262326 0
0.271547793612 0.136417131851 0
-0.224299354977 -0.124472761223 0
-0.0382765707742 -0.00562039357103 0
0.0151230323575 0.0178461901152 0
0.208779422494 0.108982080975 0
0.315769957822 0.166270636695 0
-0.224360358089 -0.0997586485293 0
0.53295574437 -0.808782421044 0
-0.537896257987 1 3
0.652078534654 -0.914808753559 0
0.628408173438 -1 1
0.493782135517 -0.80675968352 0
0.342931456101 0.435098910005 0
-0.171030274262 0.676167155138 0
-0.116952309768 0.651990190529 0
0.15813312644 -0.662334364796 0
-0.158204142073 -0.508479358872 0
0.0869870159328 -0.636264692541 0
0.0228861953043 -0.609944450551 0
0.465668814177 -0.803179721928 0
-0.25905484142 -0.12160866368 0
0.140342818783 0.07987307751 0
0.0795345760294 0.052282819581 0
0.0268576825658 0.0284946602124 0
0.0554621428077 0.574472172608 0
0.331806750517 -0.737576631762 0
-0.160643251525 -0.0567525521737 0
-0.213824970057 -0.0797525523735 0
-0.250167561225 -0.102206925838 0
-0.0897266687672 -0.0240235052825 0
-0.13542790998 -0.0413760713301 0
-0.268619803745 -0.134943265094 0
-0.0930863387411 -0.567130614689 0
-0.124416952801 -0.546810342041 0
-0.0385121331656 -0.588930960178 0
-0.186159481058 -0.510990236222 0
0.413894072646 0.324213836026 0
0.403767310927 0.359912212153 0
0.221022481083 -0.69397754078 0
0.284565169518 -0.720576429767 0
0.444116082327 -0.800177951868 0
0.38521120354 -0.769589620049 0
-0.364272519287 -0.251505581917 0
-0.375065136705 -0.299555935823 0
-0.0565524905947 -0.00796704581902 0
0.128677769051 -0.657976373993 0
0.046379592653 -0.625989925654 0
0.608767607775 -0.898261609861 0
0.427522653723 -0.799505581586 0
0.395526760038 -0.786361744544 0
-0.149749558482 -0.544907059555 0
0.560312143213 -0.857349754589 0
-0.525962349093 0.88871519982 0
-0.553143097151 0.920869599978 0
-0.561833915102 0.957920436569 0
-0.496918000034 0.845432121634 0
0.394790738705 0.260498073468 0
0.393623014691 0.294805696443 0
0.328683030787 0.431431801619 0
0.368994432939 0.385781665363 0
-0.0958041363389 0.636759265743 0
0.267328832265 0.478063357123 0
-0.324574309563 -0.396659885187 0
-0.268139323695 -0.456334187579 0
-0.381252275398 -0.342191322489 0
-0.337156244719 -0.208214045008 0
-0.305313504648 -0.174064374078 0
0.308315801722 0.175054496482 0
0.345857699914 0.215122652536 0
0.163606071905 0.523109742221 0
-0.0492459811353 0.610610085625 0
-0.308613035364 0.723791062335 0
-0.387586468444 0.765127189641 0
-0.440732817422 0.793324996078 0
-0.232873974107 0.696669828473 0
0.245928481951 0.133496409913 0
-0.29345249846 -0.155678182026 0
-0.0286439451178 0.00591183606836 0
0.161292806306 0.0959737524278 0
-0.297006019462 -0.126963410554 0
-0.560004008679 1 3
0.610076396991 -0.937735245718 0
0.586471066466 -1 1
0.592253755385 -0.960452100039 0
0.522681466513 -0.847277592237 0
-0.167556545466 0.666852281278 0
0.17765773101 -0.680232846617 0
0.0887495388033 -0.646485886761 0
-0.00714525011237 -0.606324610466 0
0.496082502113 -0.839443927597 0
-0.321391721381 -0.154737211768 0
-0.326092862134 -0.148970747779 0
0.0868237891996 0.0631910328252 0
0.0379902412814 0.0394592471194 0
-0.0120910728677 0.0181833693994 0
0.0563147984749 0.563105233654 0
0.337436398124 -0.75121598014 0
-0.198077351922 -0.0675444332497 0
-0.263946421034 -0.0998459305111 0
-0.0938388505544 -0.0194340754355 0
-0.16417152779 -0.0485712640247 0
-0.329087464865 -0.165547181961 0
-0.116880173829 -0.56486843377 0
-0.0621757172272 -0.585919105529 0
-0.199651413808 -0.516391250859 0
-0.264633854755 -0.478476422476 0
0.383626196813 0.340986242627 0
0.222599333359 -0.702381818201 0
0.276521312524 -0.723793950689 0
0.468994371541 -0.827644350928 0
-0.395992575162 -0.257907649577 0
-0.403407002732 -0.297556576297 0
0.142112684904 -0.669880758221 0
0.0279328853117 -0.624730945887 0
0.580810646538 -0.897249342167 0
0.448914794976 -0.824192451033 0
0.410150058396 -0.806374849305 0
0.362922715056 -0.773207386624 0
-0.203428539521 -0.522437190344 0
-0.172290754258 -0.54211569759 0
0.557174372539 -1 1
-0.344314158615 -0.1797980672 0
0.0662728360382 -0.643254018016 0
-0.125531366884 -0.0281852261581 0
-0.345848224432 -0.411425983231 0
-0.235763903454 -0.512288128826 0
0.553140876236 -0.885880440958 0
-0.537103904706 0.874430059519 0
-0.585906654435 0.952461994203 0
-0.571622816599 0.906394659644 0
-0.491710764073 0.825960596182 0
0.348885454444 0.250384281275 0
0.35492248301 0.309056941404 0
0.313779340639 0.42121595442 0
0.246161357797 0.47153940146 0
0.337238706484 0.373081653427 0
-0.185490403332 0.663306668422 0
-0.389485438801 -0.370942997322 0
-0.333038432606 -0.434745148605 0
-0.418198117313 -0.332386937668 0
-0.386222136506 -0.22894585198 0
-0.362547383098 -0.199810518902 0
0.268370482444 0.162633306525 0
0.20170499122 0.122623137218 0
0.29559833277 0.194352790184 0
0.14270116552 0.512877352623 0
-0.0622802800163 0.597650968191 0
-0.363781218159 0.735450115961 0
-0.287748109983 0.701881706835 0
-0.44141838881 0.777759213067 0
-0.0619150883832 0.000591127397482 0
0.0851460294145 0.0729016672495 0
-0.326590508595 -0.131791508757 0
-0.363867435594 -0.159433095277 0
-0.593026807766 1 3
0.573470710095 -0.923615401334 0
0.563010697261 -0.960322469957 0
0.179734187874 -0.68993701294 0
0.119687720819 -0.665821067845 0
-0.0286592805672 -0.604812316653 0
0.528996905219 -0.876415274549 0
0.496639191226 -0.857188836456 0
-0.388366414811 -0.195345455211 0
-0.384276026206 -0.18245123526 0
0.00407725348702 0.0327541114458 0
0.315979328067 -0.749615463458 0
-0.234455545816 -0.0782115330881 0
-0.305803772215 -0.11416480299 0
-0.183469366441 -0.0503826340228 0
-0.391530471291 -0.207153146976 0
-0.143168147496 -0.561136583543 0
-0.0829953010847 -0.583904262025 0
-0.26402340298 -0.490458122599 0
-0.32265862427 -0.452563369604 0
0.27016063572 -0.727283706416 0
0.232615233348 -0.713437198376 0
-0.429396532109 -0.299081555353 0
-0.426693417864 -0.271582005991 0
0.012306211683 -0.624996808328 0
0.478039708325 -0.855630873897 0
0.451863078792 -0.838043153032 0
0.434302386226 -0.835929087696 0
0.354659616252 -0.77820567675 0
0.401975564148 -0.811628563457 0
-0.211764245751 -0.529633942102 0
0.53522319055 -1 1
0.0762531562008 -0.653500890109 0
-0.115787844075 -0.0178280148737 0
-0.391989186744 -0.39238418946 0
-0.26705699778 -0.503473876059 0
-0.298612114186 -0.4819315297 0
0.365791921343 -0.794645131697 0
-0.415360744997 -0.189806743504 0
0.548119831714 -0.918404679886 0
-0.558610454143 0.862896280675 0
-0.512248808528 0.827570587091 0
-0.605567731368 0.920402708593 0
-0.637036593326 1 3
0.253718970263 0.19156515263 0
0.303359851779 0.263098116316 0
0.297430791992 0.338999652701 0
0.25096235229 0.432963524636 0
-0.230134437488 0.659346419804 0
-0.42740089009 -0.356631375954 0
-0.381480556789 -0.415639987568 0
-0.443395998196 -0.326842758933 0
-0.41752694022 -0.235602259724 0
-0.439347013273 -0.266386688463 0
0.183023663323 0.131245207518 0
0.106081822778 0.506946989497 0
-0.069948066062 0.573466213017 0
-0.399760072716 0.730781210824 0
-0.318416142984 0.685138904648 0
-0.480991674199 0.785416805453 0
-0.0659535728135 0.0113594316478 0
0.0391659505487 0.0662917988958 0
-0.378096635098 -0.155577244756 0
0.540520735187 -0.958111823608 0
0.144856989874 -0.684684486891 0
0.216401597227 -0.714140979547 0
-0.0686806528843 -0.598623075295 0
0.525870493189 -0.895837337224 0
0.504102405679 -0.878383481817 0
-0.4373418302 -0.217553830386 0
-0.437893485173 -0.234128868672 0
0.284765129461 -0.743184610619 0
-0.240096631997 -0.0709388397468 0
-0.284379739468 -0.096851639165 0
-0.349243581541 -0.12989112711 0
-0.168853562151 -0.0356054504516 0
-0.161406125008 -0.562659156714 0
-0.213784704864 -0.535508847125 0
-0.330759726202 -0.456142779845 0
-0.454569015467 -0.304117892413 0
0.0162854577307 -0.633620691773 0
0.462296929231 -0.862171217676 0
0.486595247218 -0.87974238903 0
0.430105780583 -0.847097471674 0
0.391613156473 -0.818199944631 0
0.31826143055 -0.768055236335 0
-0.283413358583 -0.503836173987 0
0.5161824572 -1 1
0.0741079400126 -0.66153367224 0
-0.430000151202 -0.375036451594 0
-0.324177826391 -0.478365987349 0
-0.36457997337 -0.454331228477 0
-0.350610786767 -0.453549846141 0
0.329123896552 -0.783601109572 0
-0.43443118169 -0.189490468814 0
-0.453439772363 -0.214696238588 0
-1 1 4
-0.892709180188 0.951917876831 0
-0.710114392204 1 3
-0.589431697057 0.856805016411 0
-0.824173671496 1 3
0.278988451505 -0.757053140156 0
0.526688176697 -0.928256331367 0
-0.526449631978 0.796477727955 0
-0.647268405635 0.894781152472 0
0.0907751118215 0.110821099434 0
0.209248613582 0.193813881956 0
0.219112583192 0.25326459734 0
0.213933533535 0.411683060446 0
0.230826047531 0.343548315768 0
-0.198202493441 0.605399923181 0
-0.458323216348 -0.340086365704 0
-0.424611632526 -0.39446725463 0
-0.387445738905 -0.42564655916 0
-0.459188561601 -0.262488209347 0
-0.47072766225 -0.288078294282 0
0.108781629531 0.468647145319 0
-0.00798742503806 0.501283174752 0
-0.43791410565 0.725340083316 0
-0.322196681264 0.644960571175 0
-0.0833432026906 0.0224274927575 0
-0.174661177209 -0.0251976320894 0
-0.40869765344 -0.162535642737 0
0.520426689079 -0.962533512599 0
0.177758479268 -0.706825922407 0
0.115391184445 -0.682534804789 0
0.245675824618 -0.73577387384 0
-0.056237965236 -0.613883222661 0
-9.28069238766e-05 -0.634406397824 0
-0.119453716961 -0.586997143348 0
0.508576596198 -0.904307388123 0
-0.480923434052 -0.23759644404 0
-0.469965093299 -0.24366916125 0
-0.477321721916 -0.258791107994 0
-0.280247911763 -0.0788812269068 0
-0.312533920123 -0.102736325359 0
-0.228903954129 -0.055976922244 0
-0.375610122136 -0.134489847735 0
-0.177451440903 -0.564145228053 0
-0.237273995658 -0.533781868047 0
-0.479867626073 -0.315163330252 0
0.44275338307 -0.868147221543 0
0.475050510017 -0.891023878796 0
0.393634483593 -0.832188040111 0
0.344206810834 -0.798362975933 0
-0.305618543097 -0.502050433573 0
-0.356341538978 -0.471411160681 0
0.509344500374 -0.983911558928 0
0.495581783557 -1 1
0.0519097809265 -0.660284637829 0
-0.461527216643 -0.36532291205 0
-0.401971811217 -0.428421365267 0
-0.403515907309 -0.441835996378 0
0.279085455572 -0.76508159012 0
-0.472550826459 -0.217106320998 0
-0.460465385818 -0.19684741699 0
-1 0.876135234391 4
-0.831223405283 0.870462850357 0
-0.731489822716 0.894681445678 0
-0.576598436702 0.784976938203 0
0.235050047145 -0.740274316378 0
-0.0982316334384 -0.600836796593 0
0.161057835657 0.2952793287 0
-0.21144601762 -0.553865894701 0
0.491666946493 -0.918353525124 0
0.503695681932 -0.938854911529 0
-0.458429617177 0.689028145945 0
-0.672709949863 0.78647518415 0
-0.0809561056686 0.0512429483762 0
0.0729278492265 0.14195703104 0
0.056286011052 0.192211038177 0
0.0973993627744 0.394320973903 0
-0.11658288843 0.507821142103 0
-0.488680054105 -0.337069341295 0
-0.43947565846 -0.399209470487 0
-0.496945024194 -0.280443239849 0
-0.4996141717 -0.298445954805 0
-0.289409824413 0.563266350948 0
-0.180791757566 -0.00224466801615 0
-0.255839041716 -0.0541627967345 0
-0.230013695783 -0.0315911403666 0
-0.429937839065 -0.162047382499 0
0.495630808542 -0.970620755505 0
0.493448824789 -0.953798354245 0
0.14427621858 -0.699946840863 0
0.187822224178 -0.719207817349 0
0.10047724376 -0.683026511582 0
-0.057892677964 -0.620517730592 0
-0.00884281042702 -0.637510379682 0
-0.153755549105 -0.580273407596 0
-0.498402247039 -0.237737644122 0
-0.502581107031 -0.259989072945 0
-0.30273421113 -0.0758206784931 0
-0.347580043236 -0.108325217801 0
-0.270217079972 -0.526258090447 0
-0.511340072236 -0.316540466282 0
0.419001991651 -0.861243647112 0
0.457398797333 -0.899128944217 0
0.325136466216 -0.79486350466 0
0.369770549378 -0.825566645605 0
-0.330770799516 -0.496678129129 0
-0.386371385738 -0.464127261146 0
0.480660093331 -0.985826156418 0
0.467458148976 -1 1
0.0716736380926 -0.675179040534 0
0.0266258425372 -0.656039309419 0
-0.493309459458 -0.355972333607 0
-0.475863803781 -0.376539461139 0
-0.434745200373 -0.418284215124 0
-0.432710942321 -0.433377289128 0
0.210221747272 -0.736151816308 0
0.268891995812 -0.766981416367 0
-0.506369216032 -0.23209204286 0
-0.48110906965 -0.201866532948 0
-1 0.752897846032 4
-0.806504100792 0.766331097126 0
-0.578590253375 0.69257194032 0
-0.111214096342 -0.600649713075 0
0.0314235013383 0.286894172127 0
-0.191439190958 -0.569586967884 0
-0.242925951665 -0.544476186336 0
-0.520265508461 -0.280367477496 0
-0.239408432677 -0.551825594397 0
0.46897420628 -0.936600389428 0
-0.447140116347 0.591344271569 0
-0.755214452941 0.660319204818 0
-0.223661573875 0.0195651806421 0
-0.111436099976 0.0860295869357 0
-0.13974761585 0.152426241954 0
-0.0944224023202 0.400296031528 0
-0.518933944814 -0.340865770126 0
-0.466358193459 -0.399610595253 0
-0.529842978342 -0.301566237369 0
-0.289810576501 0.46908003106 0
-0.27323320177 -0.02094625911 0
-0.299782896974 -0.0519424421456 0
-0.460502112522 -0.165286035105 0
-0.501870539279 -0.207508529858 0
-0.395812012861 -0.125596616268 0
0.467762186934 -0.969828970045 0
0.13103141883 -0.70218905898 0
-0.0158517786149 -0.642099110201 0
-0.0760118709903 -0.62020553106 0
-0.140722601553 -0.593908679593 0
-0.52812508649 -0.267442045788 0
-0.345955829276 -0.0853932422362 0
-0.296257246378 -0.522075377173 0
0.423192777757 -0.877050656847 0
0.374895515684 -0.839530818307 0
0.442501975498 -0.908060008483 0
0.313308260186 -0.798246020345 0
-0.355189726871 -0.492101187493 0
-0.403757174123 -0.462505855787 0
0.446269738646 -1 1
0.0528599233408 -0.673897570675 0
-0.500236766016 -0.374541334568 0
-0.461884433603 -0.417170535426 0
-0.440241006785 -0.441990597198 0
0.238302848721 -0.757688084088 0
0.169921911794 -0.723856803725 0
-0.53224615861 -0.247997820385 0
-1 0.625128960009 4
-0.605131739405 0.593047773909 0
-0.135279930373 0.27678001027 0
-0.19565546185 -0.576141362353 0
-0.272612901295 -0.541656553242 0
0.189705379885 -0.740838035446 0
0.444791914394 -0.968672876418 0
0.440344103718 -0.935502739824 0
-0.496757012498 0.477719397171 0
-0.787797876191 0.532220620936 0
-1 0.48225333161 4
-0.314007936202 0.045189068525 0
-0.345008689234 -0.0295046567597 0
-0.3527571369 0.168880655283 0
-0.353275090473 0.344690662811 0
-0.544372671536 -0.331831100143 0
-0.519659216751 -0.376849183389 0
-0.484482784163 -0.405693117736 0
-0.554842488073 -0.292917223239 0
-0.378768186913 -0.0762091593807 0
-0.522807347425 -0.205975794528 0
-0.416014302588 -0.119517206241 0
-0.49219144456 -0.167342485547 0
-0.558252045554 -0.258961459463 0
0.120029218691 -0.709297381415 0
-0.0216280048464 -0.647551321523 0
-0.104795115811 -0.617201218713 0
-0.334460386495 -0.512564519 0
0.396410292388 -0.869170033348 0
0.340299272686 -0.828957983756 0
0.415944270102 -0.900394527044 0
0.271785296248 -0.784662457283 0
-0.395568794797 -0.478954848555 0
0.427303975128 -1 1
0.050653842325 -0.682574771199 0
-0.451416466529 -0.443218462147 0
-0.697556352312 0.462648583018 0
-0.275801929644 -0.548760212082 0
-0.182701071978 -0.590446663012 0
0.203911241539 -0.758132854881 0
-0.566478631955 -0.239165214827 0
0.406342748476 -1 1
0.418766999358 -0.96015044683 0
0.40697636792 -0.921680076059 0
-0.681279690242 0.330568209991 0
-1 0.306230959487 4
-0.446917855874 -0.0431399843527 0
-0.498425371477 -0.00222003459464 0
-0.46056032735 -0.0919190087429 0
-0.57950331228 0.0489890102418 0
-0.622490435526 0.195060160935 0
-0.568994853968 -0.338666484419 0
-0.545878308914 -0.366913205068 0
-0.518630718775 -0.408314759821 0
-0.48641899472 -0.422834923192 0
-0.586669818781 -0.313078087713 0
-0.479422933903 -0.13530698683 0
-0.562271724954 -0.20776364042 0
-0.605340674556 -0.279989519297 0
0.103936108294 -0.720049132 0
-0.0188454053566 -0.661227967878 0
-0.118764639386 -0.628204051206 0
-0.354975732079 -0.516290101716 0
0.366056470558 -0.86970047555 0
0.298262434011 -0.81784588136 0
-0.429040699295 -0.470902354069 0
-0.250864250699 -0.573703075102 0
0.225227054567 -0.787468362881 0
0.377313143004 -1 1
0.380544067766 -0.951629002994 0
0.36533485642 -0.904154638419 0
-1 0.0727841198892 4
-0.579126003657 -0.116442990312 0
-0.70910020789 -0.112560796874 0
-0.570103914592 -0.167931991114 0
-0.806568087666 -0.0222647954942 0
-0.586172173408 -0.377549553609 0
-0.555862874376 -0.390783953189 0
-0.471475914628 -0.456289430844 0
-0.518057093372 -0.436835769711 0
-0.623890852444 -0.355796949088 0
-0.638457815293 -0.251321523019 0
-0.657909251434 -0.331302852667 0
-0.00468546147017 -0.691354503876 0
0.155711525831 -0.774055885236 0
-0.165294488095 -0.633862977534 0
-0.311347794338 -0.562174791614 0
-0.402130856909 -0.508518253461 0
0.29669761081 -0.851702424159 0
0.331048638238 -1 1
0.313689937354 -0.924601173272 0
-1 -0.157064000058 4
-0.703963580692 -0.233532400519 0
-0.842862248446 -0.241011966554 0
-0.604304105634 -0.435299088936 0
-0.538524973681 -0.4524450504 0
-0.459933069104 -0.495254585747 0
-0.677801848353 -0.439370212707 0
-0.724370122084 -0.352358440571 0
0.00953639508236 -0.738409016004 0
0.21807472701 -0.843102261801 0
-0.217431956884 -0.643395839355 0
-0.363501875744 -0.565021322832 0
0.256165600891 -1 1
0.218601368159 -0.916332442687 0
-1 -0.339376554338 4
-0.840748819993 -0.367767499611 0
-0.529089770626 -0.521818708816 0
-0.580796601154 -0.552044327999 0
-0.44435383484 -0.553512489789 0
-0.680078722446 -0.567723655043 0
-0.800054324859 -0.482873807239 0
0.111489112639 -0.828714490156 0
-0.0958642818156 -0.75667665068 0
-0.30011830771 -0.659787905709 0
0.134193428913 -1 1
0.0479458958448 -0.890370537513 0
-1 -0.485619916602 4
-0.417771394627 -0.667913774913 0
-0.55710547623 -0.698475763709 0
-0.786281358281 -0.626048387532 0
-0.184926063792 -0.811823103643 0
-0.0652907405183 -1 1
-1 -0.620607157585 4
-0.35135230259 -0.844575809023 0
-0.652320588001 -0.790138919901 0
-0.348575082817 -1 1
-1 -0.749800232975 4
-0.659011061542 -0.900924661836 0
-0.689199882063 -1 1
-1 -0.875039088288 4
-0.849179396935 -0.953972474084 0
-1 -1 4

Edges
66
1026 1023 1
1023 1020 1
1020 1016 1
1016 1009 1
1009 997 1
997 983 1
983 962 1
962 935 1
935 927 1
927 886 1
886 836 1
836 781 1
781 720 1
720 664 1
664 599 1
599 561 1
561 489 1
489 426 1
426 357 1
357 292 1
292 295 2
295 293 2
293 296 2
296 236 2
236 179 2
179 128 2
128 92 2
92 61 2
61 40 2
40 22 2
22 11 2
11 4 2
4 1 2
733 729 3
731 733 3
676 731 3
633 676 3
559 633 3
487 559 3
424 487 3
356 424 3
291 356 3
240 291 3
183 240 3
131 183 3
94 131 3
63 94 3
43 63 3
24 43 3
13 24 3
6 13 3
3 6 3
1 3 3
1024 1026 4
1021 1024 4
1017 1021 4
1011 1017 4
999 1011 4
985 999 4
965 985 4
939 965 4
904 939 4
894 904 4
847 894 4
789 847 4
729 789 4

Triangles
1984
1025 1023 1022 0
1026 1025 1024 0
1026 1023 1025 0
1024 1022 1021 0
1019 1022 1020 0
1022 1023 1020 0
1021 1022 1019 0
1025 1022 1024 0
1018 1016 1015 0
1012 1018 1015 0
1019 1020 1018 0
1021 1019 1017 0
1020 1016 1018 0
1014 1017 1019 0
1013 1014 1019 0
1005 1011 1014 0
1014 1004 1005 0
1013 1002 1004 0
1018 1013 1019 0
1012 1002 1013 0
1001 988 1002 0
1012 1001 1002 0
1018 1012 1013 0
1015 1008 1012 0
989 990 973 0
1012 1008 1003 0
1010 1015 1016 0
1007 995 1008 0
1015 1007 1008 0
1010 1006 1007 0
972 959 948 0
996 981 990 0
879 898 855 0
956 931 921 0
981 956 959 0
980 960 956 0
996 980 981 0
995 979 980 0
960 955 932 0
931 960 932 0
980 979 960 0
926 890 929 0
834 885 884 0
834 842 885 0
778 779 833 0
827 778 833 0
719 779 778 0
779 724 785 0
833 779 834 0
723 724 779 0
719 723 779 0
719 668 723 0
863 839 806 0
909 863 865 0
909 910 863 0
864 840 888 0
890 842 889 0
841 807 864 0
725 724 669 0
841 784 807 0
841 785 784 0
889 842 864 0
911 889 864 0
911 890 889 0
926 885 890 0
842 841 864 0
885 842 890 0
834 785 842 0
617 652 584 0
542 617 584 0
603 667 617 0
722 667 682 0
745 746 683 0
722 745 683 0
744 722 682 0
744 783 722 0
603 617 542 0
667 603 616 0
667 683 617 0
807 746 745 0
725 784 724 0
711 725 669 0
746 784 725 0
683 746 711 0
617 683 652 0
667 722 683 0
807 784 746 0
864 807 840 0
711 669 651 0
683 711 652 0
746 725 711 0
806 773 828 0
748 747 808 0
809 748 808 0
748 712 686 0
747 748 686 0
809 773 748 0
684 655 712 0
656 686 712 0
589 656 655 0
589 619 656 0
685 747 686 0
619 685 686 0
620 648 685 0
620 600 648 0
619 620 685 0
656 619 686 0
589 544 619 0
619 544 545 0
590 589 655 0
618 590 655 0
522 464 450 0
619 545 620 0
590 521 589 0
465 395 466 0
521 465 544 0
394 395 465 0
580 641 648 0
702 642 671 0
702 641 642 0
765 702 764 0
703 641 702 0
641 569 642 0
727 671 695 0
788 727 755 0
787 764 728 0
846 845 788 0
814 846 788 0
870 893 846 0
702 765 703 0
788 823 787 0
824 854 808 0
823 824 764 0
787 823 764 0
845 877 823 0
854 865 808 0
877 854 824 0
877 865 854 0
909 912 945 0
946 909 945 0
910 888 863 0
909 865 912 0
808 766 824 0
905 940 906 0
907 941 905 0
941 940 905 0
943 941 907 0
944 943 907 0
969 967 943 0
967 966 941 0
941 966 940 0
985 967 969 0
987 986 967 0
934 952 917 0
951 975 952 0
916 951 914 0
869 916 914 0
950 951 916 0
968 975 951 0
986 992 975 0
1000 986 987 0
814 870 846 0
768 826 770 0
869 870 814 0
871 869 814 0
878 871 826 0
915 869 871 0
878 915 871 0
913 878 868 0
913 915 878 0
867 906 868 0
906 940 942 0
950 916 915 0
913 950 915 0
968 951 950 0
914 870 869 0
968 986 975 0
917 893 870 0
934 917 914 0
951 934 914 0
951 952 934 0
952 949 917 0
991 974 976 0
577 645 646 0
507 577 558 0
506 576 577 0
646 706 707 0
695 646 707 0
631 577 646 0
727 788 787 0
826 871 814 0
825 767 812 0
868 825 812 0
878 826 825 0
770 826 814 0
755 770 814 0
755 707 770 0
767 769 812 0
768 767 826 0
768 705 767 0
728 671 727 0
787 728 727 0
764 702 728 0
824 765 764 0
648 600 580 0
703 648 641 0
766 703 765 0
747 685 703 0
703 685 648 0
694 753 693 0
968 950 942 0
631 632 558 0
577 631 558 0
646 695 631 0
1010 1016 1009 0
974 991 988 0
945 949 970 0
976 992 991 0
952 976 974 0
952 975 976 0
1004 1014 1013 0
991 1004 1002 0
991 1005 1004 0
992 1005 991 0
1011 1017 1014 0
926 921 884 0
959 926 929 0
959 956 926 0
897 920 876 0
956 960 931 0
955 920 932 0
898 931 897 0
822 852 876 0
794 762 822 0
820 794 850 0
820 760 794 0
796 852 822 0
833 879 827 0
850 876 875 0
855 852 853 0
879 855 853 0
827 879 853 0
884 921 879 0
897 931 932 0
855 897 852 0
979 955 960 0
1007 993 995 0
993 978 977 0
995 993 979 0
1006 994 993 0
897 876 852 0
898 897 855 0
932 920 897 0
954 920 955 0
919 874 875 0
838 887 837 0
850 875 820 0
919 887 874 0
1005 1000 1011 0
921 931 898 0
885 926 884 0
926 956 921 0
996 995 980 0
1003 996 990 0
1008 995 996 0
1001 1012 1003 0
1015 1010 1007 0
1007 1006 993 0
998 1010 1009 0
977 978 953 0
979 977 955 0
979 993 977 0
998 1006 1010 0
978 982 961 0
998 994 1006 0
998 984 994 0
668 604 669 0
724 723 669 0
719 710 663 0
785 834 779 0
784 785 724 0
841 842 785 0
772 771 709 0
778 772 719 0
827 796 772 0
921 898 879 0
581 649 650 0
663 710 649 0
604 663 598 0
668 719 663 0
719 772 710 0
796 771 772 0
853 796 827 0
853 852 796 0
821 838 782 0
721 761 782 0
760 820 821 0
762 794 760 0
796 822 771 0
822 876 850 0
875 920 919 0
820 875 874 0
876 920 875 0
953 961 933 0
954 977 953 0
994 982 978 0
984 964 982 0
997 984 998 0
983 963 984 0
178 235 179 0
178 234 235 0
128 178 179 0
128 150 178 0
233 289 290 0
317 289 247 0
235 234 304 0
233 290 234 0
353 355 290 0
665 637 601 0
657 665 601 0
721 758 697 0
933 958 925 0
918 933 899 0
961 958 933 0
953 978 961 0
928 953 918 0
887 928 918 0
954 955 977 0
919 954 928 0
919 920 954 0
928 954 953 0
982 958 961 0
565 586 517 0
697 698 636 0
718 670 661 0
759 718 704 0
759 793 734 0
793 759 818 0
873 843 818 0
718 734 726 0
843 786 793 0
844 831 786 0
843 844 786 0
818 843 793 0
892 891 843 0
831 777 786 0
883 831 844 0
883 832 831 0
596 661 595 0
726 786 777 0
759 734 718 0
793 786 734 0
726 717 670 0
726 734 786 0
717 726 777 0
670 718 726 0
829 880 830 0
830 774 829 0
832 881 829 0
829 881 880 0
831 832 776 0
883 881 832 0
883 923 881 0
948 929 911 0
888 910 911 0
973 990 972 0
989 973 971 0
988 989 970 0
974 988 970 0
991 1002 988 0
1001 1003 989 0
956 981 980 0
948 959 929 0
972 981 959 0
947 972 948 0
990 981 972 0
989 1003 990 0
1003 1008 996 0
668 669 723 0
651 669 604 0
651 652 711 0
597 651 604 0
598 597 604 0
529 512 583 0
584 652 651 0
863 888 839 0
970 971 945 0
947 948 910 0
946 947 910 0
909 946 910 0
945 971 946 0
973 972 947 0
432 365 366 0
495 446 432 0
542 514 495 0
584 583 514 0
512 511 445 0
809 808 865 0
828 809 865 0
863 828 865 0
863 806 828 0
806 744 773 0
783 806 839 0
773 712 748 0
828 773 809 0
744 712 773 0
390 391 462 0
247 318 317 0
319 392 318 0
188 248 247 0
320 394 393 0
616 541 543 0
618 616 543 0
684 618 655 0
682 616 618 0
682 667 616 0
684 682 618 0
656 712 655 0
744 682 684 0
712 744 684 0
806 783 744 0
783 840 807 0
722 783 745 0
839 840 783 0
440 374 431 0
374 367 365 0
431 374 365 0
440 434 374 0
504 440 448 0
504 449 440 0
298 289 354 0
301 298 354 0
365 301 366 0
361 298 301 0
434 427 367 0
422 353 361 0
422 355 353 0
367 301 365 0
317 354 289 0
248 318 247 0
318 391 317 0
390 366 354 0
317 390 354 0
462 432 390 0
432 446 433 0
390 432 366 0
495 514 446 0
462 495 432 0
462 542 495 0
542 462 541 0
603 542 541 0
584 514 542 0
514 512 446 0
783 807 745 0
582 581 650 0
513 511 582 0
497 513 567 0
445 511 513 0
511 581 582 0
583 651 597 0
598 663 649 0
567 592 525 0
762 771 822 0
850 794 822 0
760 699 762 0
649 710 709 0
699 649 709 0
663 604 668 0
581 598 649 0
581 529 598 0
638 582 650 0
529 597 598 0
710 772 709 0
431 448 440 0
432 433 365 0
431 494 448 0
497 445 513 0
566 524 496 0
433 445 497 0
365 433 431 0
446 445 433 0
583 597 529 0
514 583 512 0
584 651 583 0
566 496 525 0
512 445 446 0
567 525 497 0
513 582 567 0
529 511 512 0
529 581 511 0
592 657 601 0
582 638 567 0
650 699 638 0
661 644 704 0
431 433 494 0
697 665 721 0
698 697 757 0
637 665 697 0
586 565 636 0
494 565 517 0
448 494 517 0
433 497 496 0
636 637 697 0
524 591 565 0
566 637 591 0
524 566 591 0
494 524 565 0
496 497 525 0
494 496 524 0
494 433 496 0
525 592 566 0
918 873 887 0
759 757 818 0
887 919 928 0
892 873 918 0
874 821 820 0
887 838 874 0
837 819 782 0
873 837 887 0
843 873 892 0
819 837 873 0
758 819 817 0
782 838 837 0
758 782 819 0
721 713 761 0
699 657 638 0
761 713 699 0
821 761 760 0
821 782 761 0
721 665 713 0
758 721 782 0
757 758 817 0
757 697 758 0
818 757 817 0
636 654 586 0
637 636 591 0
698 654 636 0
759 698 757 0
759 704 698 0
699 650 649 0
762 699 709 0
760 761 699 0
665 657 713 0
592 567 638 0
657 592 638 0
601 566 592 0
838 821 874 0
657 699 713 0
709 771 762 0
392 464 463 0
320 393 319 0
394 465 450 0
616 603 541 0
434 440 449 0
601 637 566 0
717 716 660 0
670 717 662 0
777 776 717 0
642 632 671 0
728 702 671 0
641 580 569 0
466 395 407 0
545 466 480 0
544 465 466 0
391 463 462 0
317 391 390 0
318 392 391 0
392 463 391 0
393 392 319 0
393 464 392 0
541 462 463 0
407 336 337 0
413 412 342 0
395 336 407 0
412 466 407 0
342 412 407 0
413 480 412 0
394 320 395 0
219 218 271 0
177 219 229 0
170 218 219 0
224 220 173 0
221 218 170 0
202 189 233 0
267 209 214 0
336 267 337 0
266 208 207 0
336 266 267 0
336 321 266 0
708 769 705 0
666 708 647 0
666 693 708 0
630 693 643 0
754 769 708 0
753 754 693 0
753 811 754 0
738 753 694 0
813 868 812 0
811 813 754 0
801 811 753 0
801 859 811 0
811 859 867 0
411 418 479 0
344 345 416 0
341 349 411 0
417 347 348 0
202 234 178 0
611 678 610 0
515 585 536 0
679 678 611 0
680 688 741 0
679 680 741 0
612 613 680 0
740 739 678 0
742 740 679 0
795 803 740 0
557 554 622 0
343 350 285 0
280 303 346 0
414 350 343 0
368 420 435 0
369 368 421 0
369 302 368 0
421 413 352 0
352 342 288 0
286 350 351 0
302 286 351 0
276 285 231 0
221 276 231 0
275 343 276 0
351 420 368 0
302 351 368 0
350 419 375 0
602 629 666 0
509 508 578 0
576 509 579 0
505 442 509 0
481 482 556 0
442 505 441 0
705 768 706 0
375 420 351 0
442 375 419 0
442 441 375 0
645 577 576 0
645 706 646 0
579 645 576 0
647 705 645 0
695 755 727 0
631 695 632 0
707 755 695 0
768 707 706 0
768 770 707 0
441 420 375 0
506 441 505 0
485 499 435 0
507 485 441 0
507 558 485 0
577 507 506 0
499 510 444 0
435 499 444 0
421 435 444 0
420 441 485 0
558 570 499 0
705 769 767 0
645 705 706 0
647 708 705 0
569 580 510 0
570 569 499 0
632 570 558 0
632 642 570 0
570 642 569 0
421 352 369 0
342 352 413 0
288 287 352 0
485 558 499 0
510 555 480 0
288 342 274 0
232 288 274 0
218 232 274 0
221 231 232 0
287 302 352 0
480 413 421 0
444 480 421 0
545 544 466 0
555 545 480 0
555 620 545 0
580 555 510 0
600 620 555 0
395 320 321 0
483 479 554 0
479 416 411 0
484 479 418 0
483 416 479 0
557 483 554 0
436 416 483 0
500 436 483 0
437 371 436 0
411 345 341 0
303 280 344 0
371 303 370 0
371 372 303 0
220 170 173 0
275 220 224 0
221 170 220 0
226 174 222 0
223 172 216 0
278 223 272 0
278 222 223 0
280 225 277 0
220 275 276 0
174 224 173 0
225 279 224 0
436 370 416 0
438 371 437 0
500 571 501 0
372 415 346 0
277 225 226 0
370 303 344 0
346 279 280 0
346 343 279 0
225 280 279 0
415 482 414 0
343 415 414 0
372 438 415 0
438 372 371 0
438 482 415 0
275 224 279 0
501 502 438 0
578 556 629 0
523 481 556 0
578 523 556 0
508 442 481 0
578 508 523 0
578 579 509 0
176 229 214 0
169 176 167 0
171 177 176 0
223 171 172 0
177 229 176 0
222 177 171 0
173 219 177 0
174 173 177 0
222 174 177 0
226 225 174 0
278 277 222 0
225 224 174 0
218 274 271 0
229 219 271 0
221 232 218 0
272 216 228 0
341 272 283 0
349 341 283 0
347 349 283 0
418 411 349 0
345 344 277 0
341 345 278 0
411 416 345 0
216 166 175 0
223 216 272 0
172 169 216 0
122 127 123 0
161 122 162 0
118 91 123 0
163 157 123 0
163 209 157 0
127 167 163 0
175 166 161 0
213 175 161 0
227 228 175 0
169 167 166 0
216 169 166 0
172 171 176 0
223 222 171 0
341 278 272 0
277 226 222 0
345 277 278 0
344 280 277 0
166 167 127 0
172 176 169 0
214 163 167 0
208 249 190 0
156 207 208 0
209 267 266 0
214 209 163 0
214 271 267 0
72 86 102 0
50 72 69 0
50 60 72 0
34 50 48 0
51 60 50 0
138 102 117 0
207 209 266 0
190 156 208 0
155 157 207 0
202 233 234 0
189 202 150 0
113 137 150 0
188 247 189 0
247 233 189 0
113 92 81 0
101 113 81 0
102 101 69 0
102 138 137 0
150 128 113 0
343 285 276 0
375 351 350 0
343 275 279 0
286 285 350 0
286 231 285 0
417 467 484 0
678 677 610 0
622 554 546 0
297 254 324 0
360 297 324 0
348 282 297 0
574 503 549 0
688 624 625 0
742 741 804 0
680 614 612 0
548 540 470 0
624 613 548 0
625 624 574 0
688 680 624 0
537 458 491 0
540 537 491 0
612 538 537 0
624 680 613 0
538 458 537 0
614 538 612 0
614 611 585 0
611 614 679 0
382 447 457 0
456 382 457 0
381 311 382 0
311 299 362 0
382 311 383 0
310 242 241 0
381 310 311 0
381 385 312 0
387 316 314 0
461 460 388 0
460 428 387 0
613 612 537 0
428 362 387 0
347 283 281 0
360 417 348 0
418 349 347 0
484 554 479 0
417 484 418 0
467 546 484 0
360 397 417 0
546 554 484 0
468 546 467 0
547 623 621 0
468 547 546 0
457 535 456 0
610 547 535 0
610 623 547 0
536 610 535 0
457 536 535 0
585 538 614 0
536 585 611 0
515 516 585 0
738 802 801 0
687 738 694 0
739 802 738 0
678 739 677 0
536 611 610 0
679 740 678 0
740 803 802 0
862 851 804 0
677 738 687 0
610 677 623 0
739 738 677 0
370 436 371 0
372 346 303 0
344 416 370 0
194 162 142 0
521 450 465 0
589 521 544 0
522 543 464 0
521 522 450 0
590 543 522 0
618 543 590 0
450 393 394 0
590 522 521 0
464 393 450 0
541 464 543 0
541 463 464 0
248 249 319 0
318 248 319 0
188 190 248 0
276 221 220 0
302 287 286 0
287 232 231 0
287 288 232 0
286 287 231 0
302 369 352 0
480 466 412 0
337 274 342 0
176 214 167 0
170 219 173 0
271 214 229 0
337 271 274 0
337 267 271 0
407 337 342 0
321 336 395 0
249 321 320 0
249 266 321 0
249 208 266 0
319 249 320 0
155 156 117 0
248 190 249 0
188 138 190 0
156 190 138 0
117 156 138 0
155 207 156 0
85 118 117 0
157 209 207 0
908 862 866 0
861 896 907 0
861 803 851 0
908 896 862 0
739 740 802 0
851 862 896 0
861 851 896 0
795 804 851 0
805 750 743 0
862 805 810 0
804 750 805 0
742 804 795 0
740 742 795 0
749 688 689 0
804 749 750 0
741 688 749 0
679 741 742 0
679 614 680 0
574 549 625 0
548 472 503 0
624 548 574 0
613 540 548 0
548 470 472 0
403 332 402 0
503 574 548 0
470 461 400 0
472 470 403 0
540 461 470 0
613 537 540 0
516 458 538 0
585 516 538 0
515 447 516 0
384 362 428 0
388 387 315 0
461 388 389 0
460 387 388 0
540 460 461 0
491 428 460 0
273 246 316 0
186 187 135 0
186 245 187 0
250 251 191 0
252 250 192 0
322 315 251 0
315 314 244 0
251 315 244 0
191 251 244 0
250 322 251 0
389 388 315 0
187 217 168 0
261 328 258 0
111 147 112 0
111 148 147 0
110 80 112 0
134 121 98 0
80 75 90 0
112 80 111 0
78 57 80 0
52 66 75 0
134 185 160 0
153 185 134 0
265 300 243 0
264 265 205 0
264 335 265 0
270 329 259 0
185 243 212 0
313 386 329 0
243 313 270 0
300 363 364 0
205 265 206 0
335 406 363 0
212 200 160 0
328 323 258 0
201 261 258 0
332 400 328 0
115 88 83 0
153 206 185 0
115 153 119 0
205 206 153 0
116 154 152 0
265 335 300 0
160 200 148 0
121 160 148 0
111 90 121 0
119 153 134 0
185 212 160 0
201 198 149 0
201 258 198 0
260 201 199 0
261 332 328 0
260 261 201 0
260 331 261 0
323 252 258 0
39 32 36 0
75 55 52 0
56 49 39 0
55 56 39 0
79 70 56 0
109 79 77 0
78 110 108 0
147 149 112 0
145 141 109 0
165 145 126 0
165 197 145 0
141 104 109 0
140 191 186 0
104 140 139 0
141 191 140 0
168 217 184 0
136 168 132 0
136 187 168 0
241 273 299 0
136 132 100 0
95 132 106 0
68 95 64 0
100 132 95 0
273 217 246 0
316 299 273 0
241 217 273 0
311 241 299 0
242 184 241 0
37 47 53 0
67 68 47 0
71 67 49 0
70 71 49 0
56 70 49 0
79 104 70 0
103 99 71 0
99 100 67 0
100 95 68 0
322 389 315 0
252 322 250 0
252 323 322 0
197 252 192 0
145 197 192 0
165 198 197 0
323 396 322 0
197 198 258 0
396 389 322 0
328 396 323 0
400 461 396 0
245 314 246 0
314 315 387 0
246 314 316 0
245 244 314 0
217 187 246 0
187 136 135 0
246 187 245 0
136 100 99 0
191 192 250 0
186 191 244 0
245 186 244 0
135 139 186 0
186 139 140 0
145 109 108 0
460 540 491 0
396 461 389 0
400 403 470 0
184 132 168 0
241 184 217 0
143 142 105 0
105 91 84 0
106 105 73 0
142 124 105 0
106 143 105 0
193 194 142 0
35 31 44 0
51 35 44 0
51 50 35 0
69 72 102 0
31 35 34 0
113 101 137 0
81 69 101 0
61 81 92 0
58 69 81 0
58 48 69 0
60 86 72 0
73 60 51 0
87 60 84 0
87 85 60 0
143 184 193 0
142 143 193 0
106 132 143 0
117 102 86 0
23 40 22 0
48 41 30 0
48 58 41 0
35 50 34 0
61 40 41 0
98 119 134 0
75 98 90 0
88 119 98 0
149 198 146 0
199 149 147 0
199 201 149 0
110 78 80 0
55 77 56 0
52 55 39 0
57 78 55 0
55 78 77 0
75 57 55 0
75 80 57 0
110 126 108 0
146 110 112 0
108 109 77 0
78 108 77 0
126 145 108 0
146 126 110 0
145 192 141 0
146 165 126 0
197 258 252 0
146 198 165 0
146 112 149 0
79 56 77 0
459 471 401 0
386 459 401 0
493 539 459 0
615 539 564 0
549 471 539 0
539 493 564 0
439 471 503 0
472 439 503 0
373 330 401 0
402 373 439 0
331 260 330 0
402 331 373 0
402 332 331 0
493 430 492 0
439 401 471 0
329 270 313 0
805 752 810 0
805 743 752 0
741 749 804 0
689 743 750 0
689 625 681 0
749 689 750 0
553 477 478 0
615 564 553 0
681 615 627 0
549 539 615 0
430 429 492 0
313 364 386 0
313 300 364 0
335 363 300 0
406 429 363 0
409 408 338 0
476 477 553 0
429 476 492 0
408 477 476 0
338 408 406 0
409 477 408 0
503 471 549 0
409 338 339 0
410 409 340 0
408 476 406 0
967 986 966 0
944 908 938 0
812 769 754 0
878 825 868 0
825 826 767 0
851 803 795 0
907 905 861 0
860 803 861 0
905 859 860 0
942 913 906 0
966 942 940 0
950 913 942 0
859 801 860 0
861 905 860 0
867 813 811 0
913 868 906 0
868 813 867 0
801 802 860 0
666 629 693 0
754 708 693 0
647 579 602 0
435 421 368 0
420 485 435 0
510 480 444 0
569 510 499 0
580 600 555 0
687 622 621 0
677 687 623 0
694 630 687 0
801 753 738 0
803 860 802 0
813 812 754 0
643 571 630 0
414 419 350 0
414 481 419 0
346 415 343 0
482 481 414 0
502 556 482 0
438 502 482 0
501 572 502 0
602 666 647 0
578 602 579 0
578 629 602 0
573 629 556 0
643 693 629 0
442 419 481 0
523 508 481 0
645 579 647 0
576 505 509 0
441 506 507 0
508 509 442 0
576 506 505 0
630 622 687 0
693 630 694 0
571 557 630 0
572 501 571 0
643 572 571 0
573 502 572 0
629 573 643 0
556 502 573 0
557 622 630 0
500 557 571 0
500 483 557 0
501 437 500 0
643 573 572 0
438 437 501 0
437 436 500 0
621 623 687 0
546 621 622 0
546 547 621 0
263 262 203 0
230 269 284 0
210 230 268 0
211 269 230 0
210 211 230 0
263 334 333 0
476 553 492 0
429 406 476 0
410 473 478 0
339 340 409 0
284 339 338 0
269 340 339 0
284 269 339 0
268 284 338 0
268 230 284 0
262 263 333 0
474 551 473 0
1000 999 1011 0
992 1000 1005 0
992 986 1000 0
949 952 974 0
970 949 974 0
945 912 949 0
987 999 1000 0
1 3 2 0
5 3 7 0
4 5 11 0
2 3 5 0
4 2 5 0
4 1 2 0
7 6 10 0
12 5 7 0
3 6 7 0
5 12 11 0
12 22 11 0
10 12 7 0
10 19 12 0
10 6 13 0
18 10 9 0
14 18 9 0
17 14 8 0
16 17 8 0
29 25 17 0
17 25 14 0
30 19 18 0
34 30 31 0
19 10 18 0
41 23 30 0
23 22 12 0
23 41 40 0
19 23 12 0
19 30 23 0
13 15 9 0
26 15 24 0
45 26 42 0
27 16 15 0
45 27 26 0
38 28 27 0
401 330 329 0
430 459 386 0
439 373 401 0
403 402 472 0
401 329 386 0
331 330 373 0
259 212 270 0
260 259 330 0
260 199 259 0
332 261 331 0
400 332 403 0
400 396 328 0
199 200 259 0
59 83 66 0
45 65 54 0
27 45 38 0
42 62 45 0
82 83 59 0
46 54 59 0
89 82 114 0
402 439 472 0
259 329 330 0
200 212 259 0
147 200 199 0
147 148 200 0
185 206 243 0
493 492 564 0
471 459 539 0
430 364 429 0
459 430 493 0
386 364 430 0
364 363 429 0
335 338 406 0
42 24 43 0
63 62 43 0
76 82 59 0
54 76 59 0
45 54 38 0
65 76 54 0
107 82 76 0
766 808 747 0
703 766 747 0
765 824 766 0
893 917 912 0
833 884 879 0
772 778 827 0
834 884 833 0
911 929 890 0
888 911 864 0
839 888 840 0
971 970 989 0
947 971 973 0
947 946 971 0
911 910 948 0
989 988 1001 0
30 34 48 0
18 20 30 0
9 8 14 0
13 9 10 0
15 8 9 0
24 15 13 0
26 27 15 0
24 42 26 0
46 52 36 0
54 46 38 0
59 66 46 0
20 31 30 0
14 20 18 0
25 31 20 0
14 25 20 0
37 44 25 0
29 37 25 0
29 47 37 0
16 21 17 0
33 49 47 0
53 68 64 0
53 47 68 0
44 53 64 0
51 44 64 0
25 44 31 0
44 37 53 0
29 21 33 0
47 49 67 0
32 39 49 0
36 52 39 0
28 36 32 0
28 46 36 0
28 38 46 0
33 21 32 0
49 33 32 0
47 29 33 0
16 27 28 0
21 16 28 0
32 21 28 0
29 17 21 0
8 15 16 0
98 75 66 0
121 90 98 0
160 121 134 0
148 111 121 0
111 80 90 0
67 100 68 0
71 99 67 0
70 103 71 0
139 135 103 0
135 136 99 0
103 135 99 0
70 104 103 0
104 141 140 0
103 104 139 0
79 109 104 0
141 192 191 0
730 729 789 0
790 730 789 0
733 729 730 0
790 789 847 0
791 790 848 0
733 730 790 0
848 790 847 0
791 737 731 0
790 791 733 0
848 800 791 0
894 848 847 0
800 849 792 0
894 858 848 0
731 737 676 0
633 676 607 0
607 559 633 0
452 531 453 0
379 452 377 0
533 607 532 0
607 533 559 0
532 531 452 0
454 532 452 0
606 608 673 0
939 930 903 0
533 454 487 0
454 379 424 0
532 454 533 0
452 379 454 0
377 308 379 0
215 255 195 0
237 239 182 0
309 255 239 0
380 309 378 0
256 196 255 0
454 424 487 0
533 487 559 0
379 356 424 0
379 308 356 0
800 848 858 0
737 800 792 0
737 791 800 0
732 737 792 0
736 732 792 0
675 737 732 0
673 675 732 0
607 676 675 0
731 733 791 0
308 377 306 0
240 308 238 0
291 356 308 0
930 939 938 0
908 902 938 0
903 904 939 0
895 903 930 0
858 904 903 0
291 308 240 0
692 690 628 0
736 692 674 0
751 690 692 0
455 534 469 0
398 455 399 0
531 534 455 0
673 732 736 0
609 606 674 0
608 532 607 0
674 606 673 0
531 532 606 0
904 858 894 0
751 692 736 0
531 606 534 0
673 736 674 0
608 607 675 0
673 608 675 0
606 532 608 0
800 858 849 0
903 895 858 0
452 443 377 0
443 453 378 0
377 443 378 0
452 453 443 0
453 455 380 0
676 737 675 0
792 849 799 0
326 257 256 0
453 380 378 0
453 531 455 0
799 736 792 0
799 751 736 0
895 902 857 0
858 895 849 0
930 902 895 0
752 751 799 0
752 743 691 0
455 398 380 0
475 474 405 0
552 475 534 0
552 551 475 0
405 334 399 0
326 263 257 0
399 326 398 0
334 263 326 0
399 334 326 0
404 410 340 0
405 404 334 0
474 473 404 0
257 263 203 0
196 257 203 0
326 256 327 0
255 309 325 0
195 255 196 0
215 164 182 0
255 215 239 0
195 164 215 0
327 398 326 0
325 327 256 0
255 325 256 0
309 380 325 0
380 398 327 0
552 626 551 0
609 552 534 0
606 609 534 0
674 628 609 0
628 626 552 0
628 690 626 0
609 628 552 0
674 692 628 0
751 752 690 0
625 689 688 0
615 625 549 0
615 681 625 0
553 550 615 0
615 550 627 0
492 553 564 0
478 550 553 0
410 478 477 0
473 550 478 0
473 551 550 0
404 473 410 0
551 626 550 0
405 399 469 0
404 405 474 0
469 534 475 0
405 469 475 0
399 455 469 0
626 627 550 0
474 475 551 0
691 743 681 0
626 691 681 0
690 752 691 0
681 743 689 0
626 681 627 0
626 690 691 0
307 237 306 0
307 309 239 0
377 307 306 0
378 309 307 0
97 65 93 0
129 97 93 0
96 107 76 0
133 96 97 0
125 107 96 0
133 125 96 0
164 144 125 0
237 307 239 0
180 237 182 0
180 238 237 0
144 196 151 0
182 239 215 0
196 203 151 0
257 196 256 0
114 151 120 0
125 144 107 0
195 196 144 0
238 183 240 0
306 238 308 0
378 307 377 0
237 238 306 0
180 181 238 0
181 180 129 0
183 181 131 0
183 238 181 0
857 866 810 0
857 902 866 0
799 857 810 0
799 849 857 0
930 938 902 0
130 93 94 0
131 130 94 0
180 182 129 0
131 181 130 0
325 380 327 0
409 410 477 0
333 340 269 0
262 333 269 0
334 404 333 0
333 404 340 0
62 42 43 0
65 62 93 0
65 45 62 0
129 133 97 0
97 96 65 0
159 210 158 0
262 211 203 0
262 269 211 0
204 210 264 0
204 154 158 0
205 204 264 0
152 115 116 0
205 152 204 0
205 153 152 0
120 158 154 0
159 211 210 0
158 120 159 0
151 203 159 0
164 195 144 0
203 211 159 0
268 264 210 0
264 268 335 0
243 270 212 0
265 243 206 0
300 313 243 0
114 120 89 0
144 114 107 0
144 151 114 0
115 119 88 0
154 204 152 0
120 154 116 0
89 120 116 0
83 89 116 0
82 107 114 0
120 151 159 0
158 210 204 0
152 153 115 0
83 82 89 0
115 83 116 0
66 52 46 0
88 66 83 0
88 98 66 0
93 63 94 0
129 93 130 0
181 129 130 0
133 164 125 0
182 133 129 0
182 164 133 0
65 96 76 0
93 62 63 0
944 965 969 0
895 857 849 0
810 752 799 0
862 810 866 0
862 804 805 0
335 268 338 0
939 965 938 0
969 965 985 0
987 967 985 0
999 987 985 0
992 976 975 0
944 938 965 0
967 941 943 0
908 866 902 0
907 908 944 0
907 896 908 0
969 943 944 0
859 905 906 0
917 870 914 0
814 788 755 0
915 916 869 0
966 968 942 0
968 966 986 0
893 845 846 0
949 912 917 0
845 823 788 0
912 877 893 0
877 824 823 0
893 877 845 0
912 865 877 0
671 632 695 0
859 906 867 0
292 295 294 0
294 357 292 0
359 294 295 0
359 357 294 0
293 359 295 0
425 357 359 0
293 358 359 0
488 426 425 0
376 451 425 0
526 593 560 0
451 526 488 0
451 530 526 0
358 293 296 0
425 426 357 0
488 489 426 0
593 530 605 0
672 605 639 0
634 593 605 0
488 560 489 0
488 526 560 0
376 305 304 0
359 358 425 0
296 236 305 0
530 451 486 0
672 634 605 0
700 672 639 0
634 560 593 0
635 634 672 0
635 562 634 0
664 635 696 0
561 562 635 0
562 489 560 0
634 562 560 0
561 489 562 0
561 635 599 0
700 735 672 0
664 696 720 0
664 599 635 0
700 639 640 0
701 700 640 0
658 701 640 0
763 700 701 0
735 696 672 0
781 720 780 0
305 236 235 0
835 815 872 0
872 886 835 0
836 781 835 0
179 235 236 0
836 835 886 0
781 780 835 0
927 886 900 0
856 900 872 0
856 901 900 0
150 202 178 0
92 113 128 0
137 138 188 0
150 137 189 0
101 102 137 0
189 137 188 0
376 425 358 0
305 376 358 0
296 305 358 0
304 355 376 0
235 304 305 0
290 304 234 0
355 423 376 0
568 640 639 0
595 662 660 0
594 595 659 0
528 596 595 0
520 528 527 0
661 670 662 0
595 661 662 0
575 596 528 0
644 661 596 0
575 644 596 0
653 654 704 0
587 653 644 0
587 586 653 0
704 654 698 0
661 704 718 0
644 653 704 0
517 587 518 0
636 565 591 0
653 586 654 0
587 517 586 0
660 714 659 0
423 451 376 0
900 886 872 0
872 815 816 0
780 815 835 0
756 780 720 0
756 815 780 0
696 756 720 0
696 735 756 0
856 816 798 0
756 735 798 0
715 701 658 0
735 763 797 0
735 700 763 0
798 735 797 0
856 798 797 0
816 756 798 0
856 872 816 0
815 756 816 0
696 635 672 0
568 519 588 0
605 568 639 0
563 498 568 0
605 563 568 0
498 449 519 0
490 498 563 0
530 490 563 0
486 427 490 0
434 367 374 0
490 434 498 0
427 361 367 0
490 427 434 0
486 422 427 0
423 486 451 0
289 353 290 0
301 367 361 0
423 355 422 0
774 716 776 0
829 774 776 0
775 714 774 0
763 775 797 0
714 716 774 0
763 715 775 0
658 659 714 0
715 658 714 0
775 715 714 0
763 701 715 0
640 594 658 0
774 830 775 0
900 936 935 0
575 504 518 0
519 520 527 0
519 449 520 0
488 425 451 0
423 422 486 0
937 964 963 0
882 880 922 0
856 882 901 0
830 880 882 0
797 830 856 0
797 775 830 0
776 777 831 0
829 776 832 0
716 717 776 0
353 298 361 0
304 290 355 0
289 298 353 0
247 289 233 0
354 366 301 0
660 662 717 0
714 660 716 0
659 595 660 0
594 659 658 0
594 527 528 0
588 594 640 0
568 588 640 0
519 527 588 0
594 528 595 0
588 527 594 0
530 486 490 0
530 563 605 0
593 526 530 0
518 448 517 0
644 575 587 0
504 448 518 0
449 504 520 0
568 498 519 0
427 422 361 0
449 498 434 0
575 518 587 0
520 575 528 0
520 504 575 0
923 957 922 0
925 923 883 0
958 957 923 0
957 964 937 0
957 982 964 0
925 958 923 0
925 899 933 0
844 891 883 0
933 918 953 0
891 899 925 0
883 891 925 0
844 843 891 0
994 978 993 0
892 918 899 0
891 892 899 0
818 817 873 0
873 817 819 0
994 984 982 0
924 901 882 0
924 937 901 0
922 924 882 0
922 957 924 0
924 957 937 0
881 922 880 0
881 923 922 0
958 982 957 0
963 962 936 0
984 963 964 0
962 935 936 0
900 935 927 0
901 936 900 0
830 882 856 0
937 936 901 0
937 963 936 0
962 963 983 0
998 1009 997 0
983 984 997 0
58 81 61 0
41 58 61 0
48 50 69 0
242 193 184 0
311 310 241 0
310 381 312 0
457 515 536 0
381 382 456 0
447 515 457 0
383 447 382 0
384 383 311 0
384 458 383 0
383 458 447 0
362 384 311 0
316 362 299 0
316 387 362 0
458 516 447 0
428 458 384 0
428 491 458 0
297 360 348 0
253 324 254 0
312 385 324 0
456 385 381 0
254 297 282 0
456 468 397 0
417 418 347 0
397 467 417 0
385 397 324 0
385 456 397 0
468 535 547 0
397 468 467 0
456 535 468 0
213 227 175 0
194 213 162 0
194 254 213 0
324 397 360 0
253 312 324 0
194 253 254 0
193 242 253 0
242 310 312 0
281 283 228 0
348 281 282 0
348 347 281 0
106 74 95 0
184 143 132 0
74 64 95 0
73 74 106 0
73 51 74 0
60 73 84 0
51 64 74 0
127 161 166 0
123 127 163 0
122 161 127 0
91 124 122 0
123 91 122 0
155 118 157 0
157 118 123 0
91 118 87 0
117 118 155 0
85 87 118 0
86 85 117 0
86 60 85 0
84 91 87 0
84 73 105 0
227 282 281 0
162 213 161 0
213 254 227 0
124 142 162 0
122 124 162 0
91 105 124 0
254 282 227 0
193 253 194 0
253 242 312 0
228 283 272 0
175 228 216 0
227 281 228 0

SubDomainFromMesh
1
3 2 1 0

SubDomainFromGeom
1
2 54 1 0

VertexOnGeometricVertex
66
 1 1
 3 2
 4 3
 6 4
 11 5
 13 6
 22 7
 24 8
 40 9
 43 10
 61 11
 63 12
 92 13
 94 14
 128 15
 131 16
 179 17
 183 18
 236 19
 240 20
 291 21
 292 22
 293 23
 295 24
 296 25
 356 26
 357 27
 424 28
 426 29
 487 30
 489 31
 559 32
 561 33
 599 34
 633 35
 664 36
 676 37
 720 38
 729 39
 731 40
 733 41
 781 42
 789 43
 836 44
 847 45
 886 46
 894 47
 904 48
 927 49
 935 50
 939 51
 962 52
 965 53
 983 54
 985 55
 997 56
 999 57
 1009 58
 1011 59
 1016 60
 1017 61
 1020 62
 1021 63
 1023 64
 1024 65
 1026 66

VertexOnGeometricEdge
0

EdgeOnGeometricEdge
66
1 1
2 2
3 3
4 4
5 5
6 6
7 7
8 8
9 9
10 10
11 11
12 12
13 13
14 14
15 15
16 16
17 17
18 18
19 19
20 20
21 21
22 22
23 23
24 24
25 25
26 26
27 27
28 28
29 29
30 30
31 31
32 32
33 33
34 34
35 35
36 36
37 37
38 38
39 39
40 40
41 41
42 42
43 43
44 44
45 45
46 46
47 47
48 48
49 49
50 50
51 51
52 52
53 53
54 54
55 55
56 56
57 57
58 58
59 59
60 60
61 61
62 62
63 63
64 64
65 65
66 66

End
