MeshVersionFormatted 0

Dimension
2

Identifier
";14, Date: 09/09/08 13:57 29s"

Geometry
"meshP1H1Cond.txt.gmsh"

Vertices
288
0.53282984513 1 3
0.153043824342 1 3
0.421486207567 0.789955875243 0
0.1703844503 0.801666115605 0
0.754664084492 0.780086204184 0
1 1 3
0.630189124067 0.639638290447 0
-0.0489738702948 0.842883179179 0
-0.104079870166 1 3
0.4497758117 0.615580517089 0
0.401733865312 0.565335815698 0
0.162386201505 0.689563861822 0
0.811502024337 0.56653529987 0
1 0.704009587623 2
0.66596768343 0.498138039033 0
-0.103311663563 0.778833257257 0
-0.2212291033 0.899760103056 0
-0.268638080044 1 3
0.550277161088 0.470832547693 0
0.351263795022 0.549708862649 0
0.0955541046586 0.654812002928 0
0.318017777132 0.535726242093 0
0.789603445515 0.433868441744 0
1 0.477418572393 2
0.661161414339 0.402403778617 0
0.713710383573 0.344769858541 0
-0.0236801369597 0.673322016279 0
-0.159774733664 0.750795743491 0
-0.275568324106 0.841547547396 0
-0.345045753463 0.927224444676 0
-0.372242193811 1 3
0.581491744051 0.384828695181 0
0.490407887995 0.450038426968 0
0.439614071567 0.453676689195 0
-0.0145404491279 0.652152116926 0
0.154960977833 0.593544685598 0
0.3040295108 0.521268143798 0
0.818043708348 0.316831555612 0
1 0.272407924044 2
1 -0.0078610562349 2
0.636218360165 0.323493984648 0
0.68460528939 0.251359606129 0
-0.303398365575 0.807890526089 0
-0.199131987652 0.735832317987 0
-0.440497963372 1 3
-0.385645213492 0.884527098222 0
-0.424138257969 0.946326069114 0
-0.407304531831 0.861318937553 0
0.568783136405 0.329376497474 0
0.516096640963 0.384393799999 0
-0.125761725379 0.683160657234 0
0.455192834882 0.407096217784 0
0.391854552181 0.458934648087 0
0.074502745114 0.599117210883 0
0.248928854342 0.526744364545 0
0.689176011651 -0.0122255881721 0
0.692520099797 0.139663053743 0
1 -0.400273821799 2
0.598205707074 -0.264651503098 0
0.57821026631 0.284951345812 0
0.610739702897 0.255221624943 0
0.555936461806 0.16023278742 0
0.502446994026 0.0481495076511 0
-0.344219978127 0.800334107524 0
-0.247014668949 0.728667316802 0
-0.496369249396 1 3
-0.476611275966 0.896862555527 0
-0.465894948703 0.932188095177 0
-0.457205564438 0.859725324814 0
0.519428935486 0.267723482838 0
0.510559716923 0.324136913608 0
0.462863896004 0.375947056303 0
-0.0673661423234 0.637379629141 0
0.34287703639 0.454438255112 0
0.166142990518 0.54004538252 0
0.387734966098 -0.131173269423 0
1 -0.724735178026 2
0.635242042711 -0.517124665541 0
0.316051419611 -0.352037539754 0
0.523493119664 0.211921499313 0
0.452249417547 0.221125433256 0
0.439295049964 0.182958919445 0
0.42784205674 0.108471160274 0
0.323540453666 -0.0214323283306 0
-0.39111766596 0.798541604861 0
-0.255518828463 0.710352915458 0
-0.565272059551 1 3
-0.537870157302 0.928995141463 0
-0.512189474258 0.859351984845 0
0.450411094643 0.262947793226 0
0.445791724738 0.324889299467 0
0.382758464344 0.391117276237 0
0.0869777330677 0.55620219037 0
-0.0879496850694 0.617460196483 0
0.267145291336 0.466981032172 0
0.118129127982 -0.25270462896 0
1 -1 2
0.783435552066 -0.778322404592 0
0.397668467778 -0.555117843375 0
0.599063724145 -0.704271557048 0
0.129963667901 -0.426506736151 0
0.404123179941 0.13168873736 0
0.369385997209 0.186457708455 0
0.347063940017 0.143657305592 0
0.296757837266 0.0891794120277 0
0.247184606817 0.0186329939465 0
0.0749885032384 -0.133925247316 0
-0.420168114992 0.781587765223 0
-0.293888768958 0.69985673667 0
-0.662470275311 1 3
-0.620948132339 0.905354514804 0
-0.524551194156 0.81104658406 0
-0.0855181820248 -0.282598133638 0
0.343252214714 0.203542200819 0
0.392912566484 0.268881935947 0
-0.113014105329 0.58926400963 0
0.374813716045 0.329730450128 0
0.296327854883 0.396579347416 0
0.138089567494 0.492800687875 0
-0.0798741395559 -0.391011116948 0
0.810267270545 -1 1
0.275003725927 -0.594713221648 0
0.669287486303 -0.847869315293 0
0.478726016618 -0.732774704337 0
0.652591726156 -0.908397030425 0
0.0662879202226 -0.530724808813 0
0.248739035957 0.131817813203 0
0.246360574173 0.10637397784 0
0.205606322891 0.0656958297838 0
0.112762418722 -0.00301469105229 0
0.0206331150091 -0.083519632171 0
-0.153527230743 -0.205993007214 0
0.185140175131 0.129283893293 0
-0.377664875316 0.702216914346 0
-0.803266895878 1 3
-0.624732769636 0.81823848329 0
-0.241361323668 -0.315457362886 0
0.315385442325 0.266760579847 0
0.261349113286 0.200293182838 0
0.0688594702584 0.471267821965 0
-0.155265332087 0.540469137969 0
0.263316261549 0.311656383335 0
0.189871716815 0.38543520871 0
-0.25715855732 -0.399479421773 0
-0.11539956219 -0.486125116775 0
0.69319564781 -1 1
0.286535741916 -0.675761683951 0
0.364118643512 -0.746770387044 0
0.452728696591 -0.785962501711 0
0.558655032398 -0.843986739561 0
0.602574885312 -0.923726820371 0
0.0660440035287 -0.59910555194 0
0.122869895564 0.0639256915525 0
0.095530652805 0.0698448571508 0
0.0554669110057 -0.00214119444887 0
0.0667787794511 0.0243823220026 0
-0.0870047731834 -0.0722595612507 0
-0.162808466566 -0.135778257946 0
-0.297560683522 -0.243356922433 0
0.0825054684926 0.120864045954 0
0.00534588361915 0.055135104445 0
-1 1 4
-0.432734321031 0.649060936304 0
-0.762630253572 0.796086487221 0
-0.349728396028 -0.393101922811 0
-0.359607928613 -0.323434885736 0
0.147985134948 0.211748515943 0
-0.200825461342 0.44930299162 0
0.0182149007641 0.390366735297 0
0.107406925686 0.294479156146 0
-0.219196756217 -0.484286473233 0
0.611105779864 -1 1
0.254450228916 -0.7026201471 0
0.393760819692 -0.788173805056 0
0.564390190016 -0.934449120897 0
0.50877441834 -0.865800988196 0
0.125212134818 -0.659378531911 0
-0.0519951948251 -0.576982294186 0
-0.00411632146169 0.0219646557123 0
-0.374783472267 -0.413766442173 0
-0.0302898587604 0.115901921285 0
-0.0929041823461 -0.0329786552496 0
-0.101420578297 -0.0562739580871 0
-0.246774737879 -0.133889349495 0
-0.318847820927 -0.19790338159 0
-0.400735398416 -0.267592893586 0
-0.0900376177445 0.0114311883879 0
-0.0940151484109 0.0488178011742 0
-1 0.753015834527 4
-0.741646316185 0.566631394424 0
-0.510468002023 0.553697254714 0
-0.434231653644 -0.332833382031 0
-0.330376084928 0.350195578204 0
-0.0575827841145 0.183372693066 0
-0.131033373756 0.273608554587 0
-0.199163088257 -0.526938655468 0
-0.319630903135 -0.471421146029 0
0.546516071008 -1 1
0.130111433677 -0.679372531744 0
0.407596846728 -0.819992895924 0
0.262559075601 -0.738504659068 0
0.51522051479 -0.933100131783 0
0.466515865837 -0.878279160381 0
-0.0512881052053 -0.606106196933 0
-0.0717430989371 -0.00619177007766 0
-0.41934316815 -0.421215846176 0
-0.463235067384 -0.36754894849 0
-0.199715753342 0.0703313313573 0
-0.147630493263 -0.0292735031572 0
-0.218555600024 -0.0748047262177 0
-0.2395828552 -0.104711507556 0
-0.466084749752 -0.274619249841 0
-0.355962126061 -0.168090599246 0
-0.387056275322 -0.210433566148 0
-0.246030270996 0.00506002921339 0
-0.187972803718 -0.0135230395045 0
-1 0.44010473157 4
-0.627949149142 0.323068392761 0
-0.507782243951 -0.323892438961 0
-0.434571291784 0.179244005813 0
-0.336853393482 0.101945593551 0
-0.237696486383 -0.535022350032 0
-0.38266185055 -0.468094149817 0
0.491135335039 -1 1
0.0914790143478 -0.681150574133 0
0.350342878547 -0.809270434364 0
0.221663460131 -0.744635688191 0
0.465299886999 -0.937689347534 0
0.405181147307 -0.871026122636 0
-0.0842338680154 -0.620660228194 0
-0.485454373947 -0.389618789829 0
-0.406391323032 -0.0213600583768 0
-0.257516372262 -0.0618329251962 0
-0.310174208448 -0.104818941736 0
-0.368032820466 -0.151830623053 0
-0.522933935252 -0.267512298095 0
-0.456578130798 -0.22409044527 0
-0.362890955534 -0.0738350918621 0
-1 0.142762644939 4
-0.72127105129 0.0742739687958 0
-0.543268949405 -0.361489539724 0
-0.491949866567 -0.423324377433 0
-0.573433771726 -0.318144713466 0
-0.621213828001 -0.0500329258827 0
-0.258982598303 -0.553031618822 0
-0.399834344539 -0.493128412354 0
0.431626791557 -1 1
0.107139964597 -0.715472475849 0
0.281675089827 -0.799570433889 0
0.33841981529 -0.862402972888 0
0.407396797256 -0.93466724631 0
-0.0657059598087 -0.662194462832 0
-0.579840021 -0.251019922157 0
-0.545190875487 -0.138523649861 0
-0.388806076561 -0.128706776897 0
-0.477453063446 -0.201341278551 0
-0.493362635291 -0.168211967641 0
-0.509659177384 -0.454889430975 0
-1 -0.132761642926 4
-0.583159823135 -0.392408433147 0
-0.642398369063 -0.343268721597 0
-0.668775457133 -0.234471047845 0
-0.808581325233 -0.216433193045 0
-0.253788691023 -0.596025681158 0
-0.40741425934 -0.536480316553 0
0.35637384615 -1 1
0.180581867837 -0.795497094728 0
0.309642955844 -0.912370524896 0
-0.0145236695549 -0.739791234906 0
-0.558833722153 -0.47527925443 0
-1 -0.403943205482 4
-0.660771017258 -0.450762802726 0
-0.762208513818 -0.369116577838 0
-0.224495124708 -0.681989658354 0
-0.424025713168 -0.593437063031 0
0.243169149704 -1 1
0.175718526225 -0.882133989445 0
-0.000439243004274 -0.844654962929 0
-1 -0.675202314479 4
-0.548210245068 -0.590372972826 0
-0.755246712438 -0.561446391848 0
-0.250414169387 -0.788897206503 0
0.0673700213818 -1 1
-1 -1 4
-0.784814076103 -0.794221014914 0
-0.501847810127 -0.771657762891 0
-0.198714149905 -1 1
-0.565975974614 -1 1

Edges
37
284 288 1
288 287 1
287 283 1
283 276 1
276 266 1
266 247 1
247 224 1
224 198 1
198 172 1
172 146 1
146 121 1
121 97 1
97 77 2
77 58 2
58 40 2
40 39 2
39 24 2
24 14 2
14 6 2
135 162 3
110 135 3
87 110 3
66 87 3
45 66 3
31 45 3
18 31 3
9 18 3
2 9 3
1 2 3
6 1 3
279 284 4
271 279 4
259 271 4
239 259 4
217 239 4
189 217 4
162 189 4

Triangles
537
285 288 286 0
284 285 279 0
284 288 285 0
286 281 285 0
275 265 270 0
282 275 280 0
282 278 274 0
274 264 265 0
282 274 275 0
278 269 274 0
180 197 171 0
165 180 171 0
166 165 144 0
166 192 165 0
207 206 180 0
241 231 219 0
243 241 219 0
260 242 241 0
206 197 180 0
231 206 207 0
223 197 206 0
231 223 206 0
246 245 223 0
265 246 258 0
264 245 246 0
253 261 243 0
256 253 236 0
262 261 253 0
282 287 283 0
278 282 283 0
277 278 283 0
269 252 264 0
277 269 278 0
277 267 269 0
275 270 280 0
274 265 275 0
269 264 274 0
267 252 269 0
180 165 192 0
231 207 219 0
242 231 241 0
242 223 231 0
258 242 260 0
258 246 242 0
152 177 173 0
171 178 152 0
165 171 144 0
197 196 171 0
196 204 178 0
252 230 245 0
249 267 250 0
227 248 249 0
252 267 248 0
225 230 248 0
177 199 201 0
177 178 204 0
212 186 214 0
258 270 265 0
264 246 265 0
260 261 272 0
246 223 242 0
241 243 260 0
98 97 77 0
98 121 97 0
98 100 123 0
123 100 124 0
151 125 150 0
121 98 123 0
78 77 58 0
125 146 121 0
150 125 123 0
151 146 125 0
176 151 150 0
172 146 151 0
123 125 121 0
124 150 123 0
172 175 198 0
175 202 198 0
176 175 151 0
176 202 175 0
149 176 150 0
203 202 176 0
203 229 228 0
58 40 59 0
151 175 172 0
149 174 176 0
148 149 147 0
173 148 147 0
173 174 148 0
200 174 201 0
200 203 176 0
227 226 201 0
200 176 174 0
228 202 203 0
247 228 251 0
224 202 228 0
224 198 202 0
62 80 83 0
56 40 39 0
251 268 266 0
224 228 247 0
229 250 251 0
228 229 251 0
203 200 226 0
124 149 150 0
99 124 100 0
99 122 124 0
249 248 267 0
229 249 250 0
227 225 248 0
226 227 249 0
229 226 249 0
200 201 226 0
201 225 227 0
3 7 5 0
4 3 2 0
4 10 3 0
185 214 186 0
159 185 186 0
158 184 185 0
157 155 183 0
179 205 182 0
183 155 156 0
127 154 153 0
133 160 161 0
127 133 154 0
104 103 128 0
114 133 127 0
161 187 179 0
133 161 154 0
181 167 194 0
208 181 194 0
188 160 181 0
139 160 133 0
188 181 208 0
154 161 179 0
215 208 232 0
216 215 238 0
216 188 215 0
233 216 238 0
187 188 216 0
188 161 160 0
167 181 160 0
208 215 188 0
233 209 216 0
205 179 187 0
114 115 139 0
49 41 32 0
70 49 71 0
41 25 32 0
142 117 118 0
139 138 167 0
139 115 138 0
208 221 232 0
161 188 187 0
194 221 208 0
140 141 169 0
143 140 169 0
170 143 169 0
142 118 143 0
119 94 116 0
95 119 118 0
93 94 119 0
235 255 256 0
182 209 210 0
182 205 209 0
233 238 255 0
234 233 255 0
235 234 255 0
210 233 234 0
209 187 216 0
210 209 233 0
205 187 209 0
257 254 253 0
238 257 255 0
254 262 253 0
238 254 257 0
232 244 254 0
63 76 57 0
62 63 57 0
84 76 63 0
19 32 25 0
9 8 4 0
22 37 34 0
142 167 138 0
38 39 24 0
26 41 42 0
25 26 23 0
25 41 26 0
61 60 80 0
42 61 62 0
41 60 61 0
281 271 279 0
281 273 271 0
272 270 260 0
281 272 273 0
281 280 272 0
285 281 279 0
280 270 272 0
286 280 281 0
286 282 280 0
287 286 288 0
287 282 286 0
261 273 272 0
258 260 270 0
243 236 253 0
260 243 261 0
219 236 243 0
212 236 219 0
192 212 219 0
214 237 212 0
245 264 252 0
222 245 230 0
197 222 196 0
197 223 222 0
222 223 245 0
156 182 183 0
128 156 129 0
153 179 156 0
131 158 132 0
107 131 132 0
130 158 131 0
130 155 157 0
105 129 130 0
82 104 105 0
128 129 104 0
156 179 182 0
128 153 156 0
128 127 153 0
103 127 128 0
154 179 153 0
157 158 130 0
129 156 155 0
183 184 157 0
210 211 182 0
107 132 113 0
105 130 106 0
83 102 106 0
104 129 105 0
129 155 130 0
184 158 157 0
211 184 183 0
214 185 184 0
137 144 120 0
132 137 113 0
166 144 137 0
159 166 137 0
158 159 132 0
186 166 159 0
186 192 166 0
99 100 78 0
101 99 79 0
96 101 79 0
126 147 122 0
147 149 124 0
122 147 124 0
101 122 99 0
101 126 122 0
96 113 120 0
145 171 152 0
120 145 126 0
144 171 145 0
148 174 149 0
126 152 147 0
201 174 173 0
177 201 173 0
152 178 177 0
147 152 173 0
126 145 152 0
230 252 248 0
204 222 230 0
199 204 225 0
201 199 225 0
177 204 199 0
196 222 204 0
225 204 230 0
267 277 268 0
178 171 196 0
120 144 145 0
96 120 101 0
113 137 120 0
107 113 96 0
84 107 96 0
106 131 107 0
132 159 137 0
106 130 131 0
84 106 107 0
102 82 105 0
158 185 159 0
192 219 207 0
180 192 207 0
186 212 192 0
251 266 247 0
250 268 251 0
203 226 229 0
267 268 250 0
277 276 268 0
276 277 283 0
78 98 77 0
79 78 59 0
100 98 78 0
276 266 268 0
56 59 40 0
38 57 39 0
76 59 56 0
96 76 84 0
79 59 76 0
120 126 101 0
82 80 70 0
104 82 81 0
102 80 82 0
106 102 105 0
83 80 102 0
84 83 106 0
61 42 41 0
84 62 83 0
84 63 62 0
79 76 96 0
57 56 39 0
42 57 38 0
26 42 38 0
62 57 42 0
76 56 57 0
99 78 79 0
78 58 59 0
50 32 33 0
34 50 33 0
22 34 33 0
53 50 34 0
50 71 49 0
90 71 91 0
114 90 115 0
81 70 90 0
81 82 70 0
170 142 143 0
167 170 194 0
139 133 114 0
117 138 115 0
167 160 139 0
218 220 193 0
259 240 239 0
221 220 244 0
263 244 259 0
263 262 244 0
254 238 232 0
235 210 234 0
237 235 256 0
213 211 235 0
211 183 182 0
235 211 210 0
213 184 211 0
244 240 259 0
238 215 232 0
194 195 221 0
244 232 221 0
263 271 273 0
91 71 72 0
92 91 72 0
117 115 91 0
103 90 114 0
103 81 90 0
127 103 114 0
104 81 103 0
60 41 49 0
70 60 49 0
70 80 60 0
90 70 71 0
80 62 61 0
52 50 53 0
52 72 50 0
74 52 53 0
74 72 52 0
72 71 50 0
49 32 50 0
24 23 38 0
5 13 14 0
2 3 1 0
10 15 7 0
25 15 19 0
5 14 6 0
3 5 1 0
7 13 5 0
23 13 15 0
23 24 13 0
26 38 23 0
24 14 13 0
92 72 74 0
118 92 95 0
118 117 92 0
92 117 91 0
93 119 95 0
142 138 117 0
119 140 143 0
170 167 142 0
115 90 91 0
74 95 92 0
55 74 53 0
75 93 95 0
55 75 74 0
54 35 51 0
55 54 75 0
55 36 54 0
12 16 21 0
12 11 10 0
9 17 8 0
9 18 17 0
263 259 271 0
262 263 273 0
261 262 273 0
253 256 257 0
257 256 255 0
213 214 184 0
237 213 235 0
237 214 213 0
236 237 256 0
236 212 237 0
262 254 244 0
30 47 46 0
18 30 17 0
31 47 30 0
220 218 240 0
220 240 244 0
221 195 220 0
37 55 53 0
45 47 31 0
54 51 73 0
27 35 36 0
51 65 73 0
44 51 35 0
44 65 51 0
45 68 47 0
89 111 112 0
85 89 108 0
67 68 88 0
69 67 88 0
69 48 67 0
68 67 48 0
89 112 108 0
135 111 110 0
135 136 111 0
190 191 164 0
217 190 189 0
218 191 190 0
168 169 141 0
193 168 191 0
193 195 168 0
54 73 75 0
48 69 64 0
218 193 191 0
239 218 217 0
239 240 218 0
94 93 73 0
65 86 73 0
116 140 119 0
86 109 94 0
134 141 116 0
195 169 168 0
220 195 193 0
194 170 195 0
195 170 169 0
35 54 36 0
118 119 143 0
116 141 140 0
108 112 134 0
85 108 86 0
85 69 89 0
65 85 86 0
64 69 85 0
163 141 134 0
134 112 136 0
163 136 164 0
163 168 141 0
93 75 73 0
109 134 116 0
94 109 116 0
86 108 109 0
73 86 94 0
65 64 85 0
95 74 75 0
164 162 189 0
190 164 189 0
191 168 163 0
135 162 164 0
108 134 109 0
136 112 111 0
164 136 135 0
163 164 191 0
134 136 163 0
218 190 217 0
88 110 111 0
17 16 8 0
31 30 18 0
30 46 29 0
66 68 45 0
29 28 16 0
30 29 17 0
46 43 29 0
68 46 47 0
43 64 44 0
29 43 28 0
48 64 43 0
88 111 89 0
28 27 21 0
21 27 36 0
21 16 28 0
22 21 36 0
20 11 12 0
22 20 21 0
22 33 20 0
37 22 36 0
55 37 36 0
53 34 37 0
12 8 16 0
20 19 11 0
33 32 19 0
17 29 16 0
48 43 46 0
43 44 28 0
44 35 27 0
28 44 27 0
64 65 44 0
68 48 46 0
87 88 66 0
88 89 69 0
66 88 68 0
87 110 88 0
6 1 5 0
7 3 10 0
4 2 9 0
12 4 8 0
7 15 13 0
4 12 10 0
11 19 10 0
21 20 12 0
19 15 10 0
20 33 19 0
25 23 15 0

SubDomainFromMesh
1
3 2 1 0

SubDomainFromGeom
1
2 31 1 0

VertexOnGeometricVertex
37
 1 1
 2 2
 6 3
 9 4
 14 5
 18 6
 24 7
 31 8
 39 9
 40 10
 45 11
 58 12
 66 13
 77 14
 87 15
 97 16
 110 17
 121 18
 135 19
 146 20
 162 21
 172 22
 189 23
 198 24
 217 25
 224 26
 239 27
 247 28
 259 29
 266 30
 271 31
 276 32
 279 33
 283 34
 284 35
 287 36
 288 37

VertexOnGeometricEdge
0

EdgeOnGeometricEdge
37
1 1
2 2
3 3
4 4
5 5
6 6
7 7
8 8
9 9
10 10
11 11
12 12
13 13
14 14
15 15
16 16
17 17
18 18
19 19
20 20
21 21
22 22
23 23
24 24
25 25
26 26
27 27
28 28
29 29
30 30
31 31
32 32
33 33
34 34
35 35
36 36
37 37

End
