MeshVersionFormatted 0

Dimension
2

Identifier
";13, Date: 10/03/09 12:16 28s"

Geometry
"meshP2H1.txt.gmsh"

Vertices
261
1 1 3
1 0.619800773178 2
0.4732830147 1 3
0.618772640042 0.785022439185 0
0.81339557302 0.426936573635 0
0.643113135417 0.594719788699 0
1 0.376353352736 2
0.37959128145 0.714857068704 0
0.0917958795576 1 3
0.241267487921 0.850569394445 0
0.639554710608 0.450727886253 0
0.823427461772 0.257519365329 0
0.701124075659 0.319440881888 0
0.434066730292 0.587664445873 0
1 0.171469299716 2
0.151628526339 0.75175724525 0
0.214759551921 0.651540350019 0
0.362808911779 0.549266688963 0
0.743432197946 0.0858223044199 0
-0.156201197099 1 3
-0.0550191960972 0.885299045969 0
0.596905169444 0.378104632747 0
0.516271615388 0.469704092391 0
0.678970467394 0.204246468658 0
0.591692194724 0.311242088497 0
0.618777334619 0.253348179494 0
1 -0.0839274227117 2
-0.0461352828817 0.773944664983 0
0.113881731428 0.646772410321 0
0.437114694284 0.47522653129 0
0.296210402579 0.540285677639 0
0.558491079109 0.126299094169 0
0.575451380569 -0.133999113084 0
0.467344894645 0.00611771897035 0
-0.247449438242 0.897576877217 0
-0.312523679598 1 3
0.512030529035 0.395933160921 0
0.54640952567 0.198526807014 0
0.521608757278 0.333101733642 0
0.527481545068 0.263606046215 0
1 -0.442487148753 2
0.669273560764 -0.388373239777 0
-0.15865006806 0.777550574977 0
0.115217153146 0.610498692161 0
-0.0772692095641 0.70298090743 0
0.366928279737 0.479150913169 0
0.445730540868 0.435268295101 0
0.241187195825 0.535818740044 0
0.320467183694 0.0349619365727 0
0.422362262629 0.121811936444 0
0.260570152962 -0.170221850165 0
0.319193584677 -0.336526490301 0
0.153771559747 -0.109811250274 0
0.0974032335077 0.600563710995 0
0.433992138099 0.162167446396 0
-0.204422440863 0.737780829428 0
-0.325972085441 0.86220911242 0
-0.387294275072 0.935805034284 0
-0.421365640178 1 3
0.434046522677 0.407470074494 0
0.453436691035 0.205205012059 0
0.471996593802 0.330134843546 0
0.457044306734 0.268843625394 0
0.405379091695 0.217423609104 0
1 -0.771728260907 2
0.548952585458 -0.577670459081 0
-0.268363617197 0.792070531646 0
-0.0682927415461 0.670174233641 0
0.322724082629 0.471059886492 0
0.190663527656 0.537198294192 0
0.0645372113063 0.600993944447 0
0.0388015990866 -0.0882584392038 0
0.154162507851 0.00621154381528 0
0.259509209219 0.0762444285916 0
0.0633549874346 -0.28610154938 0
0.178209546625 -0.4663522923 0
-0.0764100270167 -0.211961847861 0
0.349344322725 0.141885482311 0
-0.341309887276 0.802163382416 0
-0.248545018968 0.741134945098 0
-0.0859869339535 -0.099850774097 0
0.249482669206 0.10649042613 0
0.226925128845 0.0804518374495 0
-0.40230337433 0.868196729719 0
-0.467207813061 0.940092772235 0
-0.498266929709 1 3
0.388044991651 0.401435389153 0
0.308588919181 0.153110975588 0
0.412295208816 0.332999512591 0
0.386076459227 0.262134241179 0
0.312709167709 0.190496552409 0
0.779786373615 -0.828661008215 0
1 -1 2
0.485670709456 -0.695769643832 0
-0.134713182043 0.67918378909 0
0.256223124072 0.491946285514 0
0.0265895899714 0.600805248036 0
0.147811985408 0.532977007461 0
-0.196569290486 -0.186050964658 0
-0.049935435708 -0.0536692210248 0
0.0539547547243 0.00450502256187 0
-0.0964534896866 -0.340690220951 0
0.209378513856 -0.585935871735 0
-0.0677643774683 -0.44889917945 0
-0.224677852734 -0.273327183449 0
-0.37292247028 0.795672484462 0
-0.417004059919 0.838768715575 0
-0.3070885872 0.750489808357 0
-0.220798701178 -0.143356481281 0
0.146198712363 0.0688833552317 0
0.0358412513575 0.0116118632393 0
0.0390484458173 -0.561742195091 0
-0.467859542704 0.875610079498 0
-0.523025265766 0.93476853224 0
-0.565350130155 1 3
0.26509859577 0.457407589785 0
0.312673065153 0.391309824452 0
0.129633245402 0.0787059124304 0
0.154471671415 0.115111518433 0
0.343200384609 0.311168809159 0
0.270417261318 0.212827069374 0
0.657926064141 -0.865690907047 0
0.800917850534 -1 1
0.515477133932 -0.804039997991 0
0.326905934054 -0.696839076621 0
-0.174175178885 0.675278784997 0
-0.0222421730105 0.59866827862 0
0.107702558848 0.520721457268 0
-0.326291071584 -0.272150483412 0
-0.319952147114 -0.204594157475 0
-0.142501947259 -0.0694857396319 0
-0.270457022552 -0.140171654766 0
-0.254138194375 -0.352350772716 0
-0.221249399163 -0.438629826181 0
-0.422726431253 0.809311534955 0
-0.316799515529 0.731697906756 0
-0.0649180626961 -0.0154818085094 0
-0.107107958616 -0.533066803024 0
0.134366622151 -0.63944820747 0
0.664667350049 -1 1
-0.431581503248 0.786571162268 0
-0.511597780326 0.859241588192 0
-0.579026861837 0.924298025719 0
-0.655673067331 1 3
0.11531755359 0.468257831556 0
0.217866454591 0.354775091767 0
-0.0627740218185 0.00893761468185 0
-0.105005149351 0.0196603251261 0
0.0820375902838 0.117845674889 0
0.250301126734 0.277791604165 0
0.134924386101 0.193458919498 0
0.6000204263 -0.91393444742 0
0.426862613104 -0.787327934803 0
0.495567941245 -0.849263493625 0
0.291141447846 -0.726285441229 0
-0.125589354628 0.613331748821 0
-0.365733955367 -0.339255795223 0
-0.405545322159 -0.268761285266 0
-0.392868513126 -0.206112548147 0
-0.255434148434 -0.10816244081 0
-0.375869866961 -0.169321740069 0
-0.36760068088 -0.389483292487 0
-0.286311832913 -0.45461331458 0
-0.323275983613 0.698675761652 0
-0.218181208809 -0.0724599323634 0
-0.0328773948662 -0.590747863403 0
-0.248444893459 -0.495348599937 0
0.142443568834 -0.670064429099 0
0.568867366449 -1 1
-0.488220491386 0.788281865055 0
-0.176605396261 -0.543848370227 0
-0.628770487933 0.875410550265 0
-0.788134754116 1 3
0.0396340503643 0.396403772987 0
-0.155442784521 0.554474289843 0
0.0590194794972 0.257023940472 0
-0.282732374622 -0.0804056104979 0
-0.300316963802 -0.0523386656068 0
-0.116528018494 0.0796427724673 0
0.509432251406 -0.893258447696 0
0.526219219961 -0.941902529303 0
0.38721271659 -0.799302576194 0
0.433057893073 -0.853204964471 0
0.234341622039 -0.72779694452 0
-0.454329669338 -0.321697496988 0
-0.455505848823 -0.250328557594 0
-0.455190450659 -0.198415701151 0
-0.362311370196 -0.139446824953 0
-0.401697547334 -0.405776843741 0
-0.378502254981 0.673459407447 0
0.00610091796662 -0.627671580414 0
-0.335469825287 -0.472728794343 0
0.503921065618 -1 1
-0.54634846418 0.763233057052 0
-0.211445295466 -0.541670781866 0
-0.584008257387 0.694755158368 0
-0.0818330425629 -0.607411157948 0
-0.75746710671 0.811074462559 0
-1 1 4
-0.131510699709 0.303825209443 0
-0.194014350213 0.452852517146 0
-0.413481605 0.583612814339 0
-0.224405976997 0.11791622291 0
-0.432465333785 -0.136869009895 0
-0.399742299144 -0.0527296806331 0
0.455944110787 -0.925433608116 0
0.454320442259 -1 1
0.295070733022 -0.786499561034 0
0.387286256779 -0.86346160701 0
0.119710333923 -0.696116994914 0
-0.518221745705 -0.262454580182 0
-0.497594837759 -0.339654607497 0
-0.52192693968 -0.197812991545 0
-0.442615396893 -0.40762165759 0
-0.260446604197 -0.539580683594 0
-0.394102635542 -0.466385898392 0
-0.687519729399 0.603527473658 0
-0.0805412669154 -0.628751660621 0
-1 0.698208469137 4
-0.379110882654 0.177864760044 0
-0.428833487232 0.383387368357 0
-0.52184581781 -0.0128511299124 0
-0.556100593527 -0.141310361019 0
0.393854528119 -1 1
0.36618229736 -0.921749110789 0
0.106243287933 -0.725767273592 0
0.272487167874 -0.829583496407 0
-0.60369435822 -0.229411158559 0
-0.563200668388 -0.316565414335 0
-0.492442362405 -0.405309456878 0
-0.337919874561 -0.528813488048 0
-0.164560566288 -0.624248805562 0
-0.439959710982 -0.473401270724 0
-0.706368197059 0.40758187953 0
-1 0.326460262433 4
-0.671115148678 0.123529037104 0
-0.706311254715 -0.122336234261 0
0.296971678501 -1 1
0.230185846989 -0.894373581769 0
0.0557131602849 -0.760475708115 0
-0.670511528966 -0.297062007392 0
-0.570462335958 -0.388726830309 0
-0.496644873323 -0.478736795043 0
-0.365906404934 -0.558920714855 0
-0.196043247096 -0.680297302334 0
-1 -0.0287713657113 4
-0.834634586886 -0.220213578323 0
0.139248512515 -1 1
0.019908080194 -0.853469110102 0
-0.622378954356 -0.445031603478 0
-0.776500344814 -0.370926200515 0
-0.459038608373 -0.59385108924 0
-0.233074800676 -0.770691488934 0
-1 -0.320289597134 4
-0.116894646907 -1 1
-0.695166148913 -0.564546368321 0
-0.422291306378 -0.777851694998 0
-1 -0.605967534776 4
-0.49249835107 -1 1
-0.705486471242 -0.793841642191 0
-1 -1 4

Edges
34
261 259 1
259 255 1
255 248 1
248 238 1
238 224 1
224 207 1
207 193 1
193 169 1
169 140 1
140 123 1
123 93 1
93 65 2
65 41 2
41 27 2
27 15 2
15 7 2
7 2 2
2 1 2
173 199 3
144 173 3
115 144 3
86 115 3
59 86 3
36 59 3
20 36 3
9 20 3
3 9 3
1 3 3
258 261 4
254 258 4
246 254 4
235 246 4
219 235 4
199 219 4

Triangles
486
260 261 259 0
257 260 259 0
258 261 260 0
257 259 255 0
252 257 253 0
256 258 260 0
42 65 41 0
76 66 52 0
94 92 66 0
124 94 125 0
153 124 125 0
155 153 125 0
182 154 153 0
122 92 94 0
152 122 124 0
152 123 122 0
92 65 66 0
124 122 94 0
93 65 92 0
42 66 65 0
27 42 41 0
52 66 42 0
159 186 158 0
130 159 158 0
157 129 158 0
109 132 130 0
161 187 159 0
132 161 159 0
188 187 161 0
103 94 76 0
92 123 93 0
103 125 94 0
104 103 76 0
104 112 103 0
75 102 76 0
133 157 134 0
206 180 183 0
124 154 152 0
182 183 154 0
38 24 26 0
40 38 26 0
50 32 38 0
55 50 38 0
61 55 38 0
61 78 55 0
40 63 64 0
78 74 55 0
88 78 61 0
64 88 61 0
61 40 64 0
64 90 91 0
118 110 88 0
82 111 83 0
49 32 50 0
100 73 74 0
32 24 38 0
34 32 49 0
34 19 32 0
72 99 77 0
49 72 53 0
73 81 72 0
19 27 15 0
51 33 34 0
53 51 34 0
75 52 51 0
52 42 33 0
152 140 123 0
92 122 123 0
124 153 154 0
184 210 208 0
155 184 182 0
210 184 191 0
155 168 184 0
153 155 182 0
125 139 155 0
139 138 166 0
112 139 125 0
184 168 191 0
166 191 168 0
167 192 171 0
181 180 206 0
208 183 182 0
181 193 169 0
180 181 152 0
154 180 152 0
154 183 180 0
207 193 181 0
209 206 183 0
209 225 206 0
152 169 140 0
207 181 206 0
206 224 207 0
225 238 224 0
206 225 224 0
209 227 225 0
1 3 4 0
21 9 20 0
21 16 10 0
35 21 20 0
35 28 21 0
17 18 14 0
39 40 25 0
10 9 21 0
8 10 16 0
8 4 10 0
17 14 16 0
4 3 10 0
6 4 8 0
6 2 4 0
6 5 2 0
9 10 3 0
14 18 23 0
8 14 6 0
8 16 14 0
1 4 2 0
43 35 57 0
43 28 35 0
17 16 28 0
43 29 28 0
67 43 57 0
29 17 28 0
45 29 43 0
67 45 43 0
68 44 45 0
44 31 29 0
45 44 29 0
108 95 80 0
54 44 68 0
71 70 48 0
54 71 48 0
31 18 29 0
14 11 6 0
37 22 23 0
47 37 30 0
46 47 30 0
46 60 47 0
60 39 37 0
25 40 26 0
13 25 26 0
22 37 25 0
23 11 14 0
30 23 18 0
7 2 5 0
16 21 28 0
234 219 235 0
236 234 235 0
221 202 217 0
136 135 141 0
172 143 144 0
198 196 194 0
170 142 172 0
190 194 202 0
190 164 170 0
194 190 170 0
202 201 175 0
217 202 196 0
221 200 201 0
136 108 135 0
156 136 164 0
126 108 136 0
141 142 170 0
107 113 135 0
172 142 143 0
141 135 142 0
164 141 170 0
164 136 141 0
108 80 106 0
79 106 80 0
56 79 80 0
106 135 108 0
107 106 79 0
106 107 135 0
84 107 79 0
84 85 113 0
172 173 198 0
196 202 194 0
172 194 170 0
194 172 198 0
219 198 199 0
217 234 221 0
198 217 196 0
198 219 217 0
172 144 173 0
199 198 173 0
58 57 35 0
86 85 59 0
84 57 58 0
113 107 84 0
142 113 114 0
142 135 113 0
67 56 45 0
79 67 84 0
56 68 45 0
79 56 67 0
80 68 56 0
115 144 143 0
85 58 59 0
234 236 221 0
114 143 142 0
85 114 113 0
58 85 84 0
86 114 85 0
115 143 114 0
58 35 36 0
86 115 114 0
68 71 54 0
187 211 186 0
177 204 188 0
213 228 211 0
188 204 187 0
223 228 213 0
95 68 80 0
126 95 108 0
126 97 95 0
46 31 48 0
67 57 84 0
127 98 97 0
156 145 128 0
126 156 127 0
164 175 156 0
145 117 116 0
126 136 156 0
174 146 145 0
36 35 20 0
36 59 58 0
83 74 78 0
82 83 78 0
88 82 78 0
110 111 82 0
101 74 83 0
19 24 32 0
12 7 5 0
19 12 24 0
15 7 12 0
177 188 165 0
147 177 165 0
204 213 187 0
178 204 177 0
178 205 204 0
203 222 205 0
221 220 200 0
222 223 205 0
236 222 220 0
236 237 222 0
228 241 229 0
187 213 211 0
247 237 246 0
251 247 254 0
251 241 247 0
223 237 228 0
223 222 237 0
179 203 205 0
236 246 237 0
221 236 220 0
201 202 221 0
174 201 200 0
174 175 201 0
175 164 190 0
235 246 236 0
167 163 189 0
103 112 125 0
163 162 189 0
138 163 167 0
134 162 163 0
104 134 112 0
104 133 134 0
211 229 212 0
223 213 204 0
228 237 241 0
244 243 252 0
216 233 231 0
215 216 231 0
230 242 243 0
214 230 216 0
230 214 212 0
242 250 243 0
192 214 216 0
229 241 242 0
230 212 229 0
189 212 214 0
185 211 212 0
186 211 185 0
158 186 185 0
129 130 158 0
133 129 157 0
105 99 129 0
99 109 130 0
159 187 186 0
157 158 185 0
241 250 242 0
211 228 229 0
247 246 254 0
52 33 51 0
38 40 61 0
12 13 24 0
37 23 30 0
13 22 25 0
13 11 22 0
121 151 149 0
91 121 119 0
88 91 119 0
64 63 90 0
90 120 121 0
46 69 60 0
31 46 30 0
69 87 60 0
48 44 54 0
18 31 30 0
18 17 29 0
116 98 128 0
87 116 117 0
128 127 156 0
116 128 145 0
98 127 128 0
96 98 116 0
96 70 98 0
70 96 69 0
70 97 98 0
48 70 69 0
46 48 69 0
31 44 48 0
97 126 127 0
71 97 70 0
71 95 97 0
68 95 71 0
39 62 40 0
37 39 25 0
60 62 39 0
47 60 37 0
87 62 60 0
96 116 87 0
117 120 89 0
69 96 87 0
89 90 63 0
146 120 117 0
150 121 120 0
146 150 120 0
145 146 117 0
174 176 146 0
175 174 145 0
156 175 145 0
190 202 175 0
200 176 174 0
234 217 219 0
176 150 146 0
203 176 200 0
151 150 176 0
179 151 176 0
203 179 176 0
220 203 200 0
220 222 203 0
205 178 179 0
131 132 100 0
111 131 101 0
160 132 131 0
111 137 131 0
188 161 160 0
151 121 150 0
66 76 94 0
27 33 42 0
75 76 52 0
19 15 12 0
33 19 34 0
33 27 19 0
72 49 73 0
81 100 109 0
81 73 100 0
99 81 109 0
99 72 81 0
73 50 74 0
74 101 100 0
49 50 73 0
50 55 74 0
88 110 82 0
118 147 137 0
119 118 88 0
131 137 160 0
119 148 147 0
148 149 179 0
64 91 88 0
91 90 121 0
62 63 40 0
62 89 63 0
89 87 117 0
90 89 120 0
62 87 89 0
205 223 204 0
148 178 177 0
147 148 177 0
137 147 165 0
118 119 147 0
149 151 179 0
119 149 148 0
119 121 149 0
148 179 178 0
160 137 165 0
83 111 101 0
160 165 188 0
110 137 111 0
110 118 137 0
77 105 102 0
129 99 130 0
102 105 133 0
77 99 105 0
53 77 75 0
53 72 77 0
51 53 75 0
34 49 53 0
130 132 159 0
132 109 100 0
101 131 100 0
160 161 132 0
134 157 162 0
102 133 104 0
76 102 104 0
75 77 102 0
105 129 133 0
11 5 6 0
22 11 23 0
13 5 11 0
24 13 26 0
12 5 13 0
247 241 237 0
256 251 254 0
250 241 251 0
249 239 240 0
162 157 185 0
189 162 185 0
138 139 112 0
134 138 112 0
166 168 139 0
167 166 138 0
167 171 166 0
134 163 138 0
195 215 197 0
191 195 197 0
171 192 195 0
208 209 183 0
184 208 182 0
210 226 208 0
226 227 208 0
197 218 210 0
240 227 226 0
244 245 232 0
249 248 239 0
245 249 240 0
232 245 240 0
244 252 245 0
253 255 249 0
239 225 227 0
139 168 155 0
197 210 191 0
171 195 191 0
166 171 191 0
192 215 195 0
215 232 218 0
216 215 192 0
232 240 226 0
231 232 215 0
231 244 232 0
227 209 208 0
218 232 226 0
210 218 226 0
197 215 218 0
181 169 152 0
233 230 243 0
244 231 233 0
216 230 233 0
189 214 192 0
167 189 192 0
185 212 189 0
229 242 230 0
258 256 254 0
243 244 233 0
250 252 243 0
253 249 245 0
252 253 245 0
256 252 250 0
256 257 252 0
251 256 250 0
256 260 257 0
255 248 249 0
239 238 225 0
240 239 227 0
248 238 239 0
255 253 257 0

SubDomainFromMesh
1
3 1 1 0

SubDomainFromGeom
1
2 1 1 0

VertexOnGeometricVertex
34
 1 1
 2 2
 3 3
 7 4
 9 5
 15 6
 20 7
 27 8
 36 9
 41 10
 59 11
 65 12
 86 13
 93 14
 115 15
 123 16
 140 17
 144 18
 169 19
 173 20
 193 21
 199 22
 207 23
 219 24
 224 25
 235 26
 238 27
 246 28
 248 29
 254 30
 255 31
 258 32
 259 33
 261 34

VertexOnGeometricEdge
0

EdgeOnGeometricEdge
34
1 1
2 2
3 3
4 4
5 5
6 6
7 7
8 8
9 9
10 10
11 11
12 12
13 13
14 14
15 15
16 16
17 17
18 18
19 19
20 20
21 21
22 22
23 23
24 24
25 25
26 26
27 27
28 28
29 29
30 30
31 31
32 32
33 33
34 34

End
