MeshVersionFormatted 0

Dimension
2

Identifier
";21, Date: 09/09/08 13:57 34s"

Geometry
"meshP2H1.txt.gmsh"

Vertices
259
-0.503066375266 -1 1
-0.140616409874 -1 1
-1 -1 4
-0.733845939548 -0.76374718512 0
-0.183933130317 -0.804154575712 0
-0.438317674077 -0.766969402705 0
-0.250835520948 -0.670490840907 0
0.103434214696 -1 1
0.034080394021 -0.830968247499 0
-0.106610652885 -0.690665625064 0
-1 -0.597793390495 4
-0.744793508235 -0.516432863211 0
-0.476255348092 -0.583600435568 0
-0.366360675201 -0.561504587702 0
-0.228426192188 -0.59094048817 0
0.2299643224 -0.900364334359 0
0.261775351925 -1 1
0.137155418357 -0.792092261676 0
-0.0119001371646 -0.688411454453 0
0.285055940225 -0.845274478872 0
-0.0543563568272 -0.643135235513 0
-0.79071643153 -0.349788546885 0
-1 -0.31623169308 4
-0.370074365894 -0.512855800158 0
-0.624780814858 -0.437094592825 0
-0.485736304552 -0.47433443092 0
-0.263991171255 -0.537617420413 0
-0.0860232560554 -0.60782157252 0
0.357415953598 -0.924244748134 0
0.366126340105 -1 1
0.435322831102 -1 1
0.194873146558 -0.763813501833 0
0.35912508578 -0.851843571795 0
0.0994689807323 -0.677596223901 0
0.158207412458 -0.718238981 0
-0.839141868701 -0.215721717188 0
-0.693066596751 -0.309005948759 0
-1 -0.0567507268182 4
-0.413744780767 -0.459515062163 0
-0.615585870544 -0.295328422162 0
-0.573667370632 -0.377952405211 0
-0.494849234408 -0.405441014849 0
-0.208580479622 -0.539646719916 0
-0.34994294553 -0.467467572482 0
-0.00960949262937 -0.622852049258 0
0.484389892724 -1 1
0.440117508109 -0.928890808956 0
0.426964387747 -0.867264012887 0
0.500053922356 -0.951085082936 0
0.330813159177 -0.797347060465 0
0.237357320869 -0.731162820728 0
-0.706985911537 0.0696645251085 0
-0.730251691533 -0.116520114191 0
-0.683328458685 -0.22161374628 0
-0.585246300737 -0.249047568786 0
-1 0.288668198196 4
-0.52378570519 -0.201583501079 0
-0.450850282781 -0.396993456236 0
-0.513597445221 -0.267151223141 0
-0.533329652678 -0.330042931573 0
-0.388157171021 -0.416661994038 0
-0.0870303377666 -0.578068080106 0
-0.249285622287 -0.501429101999 0
0.113862822612 -0.661999948424 0
0.534259291414 -1 1
0.49074494712 -0.902388062852 0
0.431166769638 -0.840322559656 0
0.542294007927 -0.937442792443 0
0.392910984471 -0.797674643246 0
0.256034505195 -0.716057379372 0
-0.519251579548 0.298843825817 0
-0.400018931923 0.149115674951 0
-0.534939825693 -0.0379718294614 0
-0.569785054286 -0.157704269816 0
-1 0.690485982845 4
-0.631569222467 0.523184678138 0
-0.438072894097 0.620164140083 0
-0.427484690411 -0.137037593555 0
-0.452023765348 -0.198078412155 0
-0.45596522016 -0.253576012151 0
-0.456323613376 -0.333868249532 0
-0.349221860537 -0.403656351372 0
-0.246251575418 -0.480609344118 0
-0.0181645395516 -0.58767215111 0
0.161538697413 -0.647889407954 0
0.59994050689 -1 1
0.50875991365 -0.874871440198 0
0.583738040346 -0.931746369887 0
0.307492113699 -0.692992168608 0
0.504472714774 -0.840668375869 0
0.40264803982 -0.769458921099 0
-0.277443900577 0.446557385371 0
-0.166812394585 0.297917946181 0
-0.222711421261 0.115971937944 0
-0.384230019508 -0.0488121257456 0
-1 1 4
-0.74165432871 0.790272697079 0
-0.299120388751 -0.0507310278576 0
-0.554272842098 0.760913010919 0
-0.271487683628 -0.0747029553585 0
-0.148702538016 0.538366471119 0
-0.34604125425 0.683261023941 0
-0.341326086999 -0.138962182419 0
-0.386904005241 -0.198842288005 0
-0.407833195012 -0.267013125329 0
-0.379316192386 -0.330527592783 0
-0.278440434267 -0.406717761306 0
-0.134311548254 -0.505120435681 0
0.0347829270795 -0.554480547403 0
0.23410444192 -0.614958290054 0
0.689542531583 -1 1
0.624275787921 -0.915422972255 0
0.488787900783 -0.765772126537 0
0.597909100199 -0.859276693588 0
0.0135801196322 0.397591996786 0
0.0506867863358 0.262763973841 0
-0.0665010120409 0.105969978553 0
-0.784461376892 1 3
-0.647576370152 0.880092146477 0
-0.113915189176 0.0248770710312 0
-0.50335742337 0.790289300297 0
-0.231386435959 -0.083030890227 0
0.00598710374654 0.0501323044955 0
-0.0977106283117 -0.0126221130626 0
0.131485947438 0.144543140199 0
-0.544826346231 0.851991569076 0
-0.425268562517 0.779461488268 0
-0.254726359165 0.689229855557 0
0.119860677648 0.464134209552 0
-0.0898457750454 0.589113125129 0
-0.16043322331 -0.0760756331214 0
-0.276342225321 -0.141601061515 0
-0.320448253447 -0.266316583744 0
-0.316551052814 -0.203976537036 0
-0.26876389666 -0.337234793422 0
-0.15296381174 -0.4314397132 0
0.032418354002 -0.480653112234 0
0.419221165378 -0.660373800257 0
0.814242921217 -1 1
0.702638051951 -0.849078836524 0
0.21369870112 0.349186853269 0
0.2094745332 0.24584180933 0
-0.651003144546 1 3
-0.580443895707 0.91758983384 0
-0.045040341914 -0.00842364643376 0
-0.216949342648 -0.144459085135 0
-0.340968341573 0.754482680897 0
0.0281336583109 0.00718148049045 0
0.223178882382 0.146479974161 0
0.129001839505 0.0805904787136 0
0.309508511129 0.230585992898 0
-0.188527205219 0.687169117184 0
-0.492781501686 0.855838688103 0
-0.417918118997 0.811236192651 0
0.30934844449 0.387289289318 0
0.269180106932 0.44859113999 0
-0.0243571672313 0.603643613986 0
0.125378382119 0.525107988259 0
0.0755578531373 0.0121762066435 0
-0.0493026463173 -0.0549104544443 0
-0.195538674608 -0.268291130625 0
-0.177738275259 -0.186896496611 0
-0.0947843962359 -0.350402554833 0
0.194987738303 -0.483153172145 0
0.626169850892 -0.683321857314 0
1 -1 2
0.357616970917 0.316613146536 0
-0.564249021494 1 3
-0.511571446917 0.924404157367 0
0.163812040297 0.0760714717587 0
-0.0857785510025 -0.104344099637 0
-0.301828433626 0.755644912831 0
0.248450234912 0.0956135520851 0
0.339889658917 0.198338533479 0
0.294519647985 0.144347324872 0
0.410424512745 0.268839548413 0
0.0234857113832 0.606586197038 0
0.285213765214 0.472443235111 0
-0.121935482689 0.678272109036 0
-0.435962799577 0.860086619746 0
-0.3554642929 0.806672272617 0
0.390016223286 0.392612097037 0
0.195076212379 0.531385918737 0
0.251695612786 0.0708206329103 0
0.15922562889 0.00577960991927 0
0.0680994367362 -0.0873444164444 0
-0.00867823013279 -0.213475965682 0
0.0605552552873 -0.323630448947 0
0.333148212365 -0.409607217523 0
0.6292070307 -0.475809706846 0
1 -0.776035560171 2
0.451750875092 0.331839769432 0
-0.481712948549 1 3
-0.435122415113 0.927978463948 0
-0.249853359044 0.748128155607 0
0.371633321567 0.143648197552 0
0.401299380105 0.209704567702 0
0.389708208684 0.173025857307 0
0.467793931719 0.267096094711 0
0.107000854953 0.589997299725 0
0.34441421757 0.462785971522 0
-0.0706276201254 0.677440713746 0
-0.358840323489 0.853694784556 0
-0.23370903868 0.770656165938 0
0.444431372481 0.397198208423 0
0.277083065088 0.520943909275 0
0.410600504068 0.124034248933 0
0.343252835913 0.0492188352394 0
0.26922383326 -0.0761423560894 0
0.26390884377 -0.226035885031 0
0.594982937783 -0.247549851283 0
1 -0.429406994776 2
0.52324502329 0.327264436638 0
-0.394448604113 1 3
-0.323581069414 0.914459108963 0
0.479978175419 0.179510266762 0
0.462739706528 0.205902973944 0
0.522167118285 0.260849062116 0
0.143335029681 0.598471496219 0
0.548335575307 0.183245991541 0
0.396721120952 0.462672285673 0
0.59653588794 0.283794418875 0
-0.0528130853129 0.703094574762 0
-0.225703781668 0.821066197101 0
0.500325649692 0.404716015888 0
0.316278990428 0.531091291852 0
0.536550328623 0.074595298266 0
0.550724733469 0.145530320169 0
0.59542696962 -0.0416438607445 0
1 -0.0614831494741 2
0.607890778593 0.360454282823 0
-0.29444334152 1 3
-0.118412011442 0.864513720155 0
0.566276095543 0.229665663298 0
0.171992398005 0.622983172442 0
0.644192479655 0.221031062527 0
0.440206520359 0.475798972992 0
0.680146838304 0.280874521774 0
-0.0382478790709 0.747108280866 0
0.750340885712 0.124274399829 0
0.523280349142 0.464921983121 0
0.3603983187 0.554314579043 0
0.175303361468 0.687690258129 0
0.763336591148 0.218786389745 0
1 0.181309940195 2
0.770206638775 0.342597349014 0
0.640298490804 0.454388864143 0
-0.12996383916 1 3
0.170014730356 0.793357083353 0
0.426228911674 0.590154004493 0
1 0.369513153842 2
0.808113880164 0.485949082129 0
0.56220310966 0.61584981063 0
0.116516424836 1 3
0.378597411445 0.815864806888 0
1 0.609185990159 2
0.739581134188 0.732998295799 0
0.488976603589 1 3
1 1 3

Edges
35
3 1 1
1 2 1
2 8 1
8 17 1
17 30 1
30 31 1
31 46 1
46 65 1
65 86 1
86 111 1
111 139 1
139 166 1
166 191 2
191 212 2
212 230 2
230 245 2
245 251 2
251 256 2
256 259 2
118 96 3
143 118 3
168 143 3
193 168 3
214 193 3
232 214 3
248 232 3
254 248 3
258 254 3
259 258 3
11 3 4
23 11 4
38 23 4
56 38 4
75 56 4
96 75 4

Triangles
481
3 1 4 0
6 1 2 0
8 5 2 0
25 22 12 0
6 13 12 0
26 41 25 0
4 11 3 0
6 4 1 0
6 12 4 0
25 13 26 0
2 5 6 0
8 17 16 0
165 191 190 0
189 165 190 0
138 140 165 0
140 139 166 0
82 108 107 0
44 43 63 0
24 27 39 0
15 21 27 0
63 84 83 0
45 62 43 0
64 70 84 0
45 64 62 0
45 34 51 0
28 35 34 0
27 21 28 0
21 35 28 0
43 27 28 0
19 32 21 0
84 108 83 0
64 84 62 0
109 89 110 0
70 85 84 0
70 91 85 0
51 69 70 0
45 51 64 0
34 35 51 0
28 34 45 0
35 50 51 0
82 107 106 0
60 58 81 0
83 108 82 0
44 63 61 0
58 44 61 0
39 27 44 0
63 62 84 0
61 63 83 0
43 62 63 0
85 108 84 0
85 89 109 0
91 89 85 0
87 90 69 0
113 140 138 0
90 114 91 0
69 90 91 0
87 112 90 0
112 139 114 0
240 227 229 0
245 240 229 0
245 244 240 0
188 210 187 0
229 230 245 0
189 211 210 0
190 212 211 0
88 86 111 0
87 88 112 0
68 86 88 0
111 139 112 0
140 114 139 0
212 190 191 0
87 67 66 0
69 67 87 0
50 33 48 0
91 70 69 0
47 30 31 0
51 70 64 0
15 14 10 0
112 88 111 0
68 65 86 0
33 32 20 0
49 66 47 0
48 67 50 0
47 48 33 0
48 66 67 0
87 68 88 0
114 90 112 0
69 50 67 0
188 187 163 0
164 189 188 0
110 138 137 0
137 138 164 0
189 210 188 0
164 165 189 0
89 113 110 0
140 166 165 0
212 230 211 0
12 11 4 0
13 25 12 0
5 13 6 0
5 7 13 0
22 23 12 0
49 46 65 0
18 19 10 0
16 20 18 0
47 29 30 0
47 33 29 0
46 49 31 0
68 49 65 0
66 48 47 0
68 66 49 0
68 87 66 0
33 20 29 0
32 19 18 0
50 32 33 0
28 45 43 0
50 35 32 0
50 69 51 0
31 49 47 0
18 9 16 0
32 18 20 0
10 9 18 0
15 10 19 0
21 15 19 0
14 7 10 0
24 14 15 0
26 13 14 0
7 9 10 0
29 17 30 0
16 9 8 0
29 16 17 0
29 20 16 0
7 5 9 0
14 13 7 0
5 8 9 0
136 108 109 0
21 32 35 0
229 210 211 0
229 209 210 0
230 229 211 0
244 228 227 0
227 209 229 0
240 244 227 0
228 208 227 0
187 210 209 0
208 186 209 0
199 197 217 0
146 160 132 0
186 171 162 0
160 131 132 0
171 160 146 0
159 131 160 0
114 113 91 0
191 165 166 0
113 89 91 0
140 113 114 0
138 110 113 0
165 164 138 0
211 189 190 0
188 163 164 0
109 108 85 0
137 109 110 0
137 136 109 0
163 137 164 0
161 163 187 0
135 136 163 0
136 107 108 0
163 136 137 0
135 107 136 0
161 135 163 0
162 161 187 0
162 133 161 0
186 162 187 0
209 186 187 0
208 185 186 0
134 104 105 0
122 103 131 0
148 145 131 0
124 100 122 0
149 123 150 0
123 100 124 0
120 123 125 0
78 100 98 0
116 115 93 0
117 116 94 0
95 117 94 0
120 125 117 0
125 151 142 0
175 149 150 0
142 167 141 0
79 59 80 0
104 79 80 0
78 57 79 0
120 117 98 0
95 73 74 0
134 105 133 0
171 146 162 0
132 104 134 0
105 80 81 0
133 105 106 0
161 133 135 0
162 134 133 0
104 80 105 0
103 78 79 0
131 103 132 0
160 171 185 0
134 146 132 0
134 162 146 0
145 170 150 0
159 148 131 0
159 173 148 0
100 78 103 0
122 100 103 0
120 98 100 0
132 103 104 0
53 73 52 0
36 53 38 0
23 36 38 0
23 22 36 0
74 73 53 0
55 74 54 0
57 78 74 0
55 57 74 0
60 55 40 0
59 57 55 0
73 94 72 0
73 95 94 0
71 52 72 0
37 36 22 0
78 98 95 0
106 81 82 0
135 106 107 0
105 81 106 0
76 75 56 0
38 52 56 0
77 99 97 0
102 77 101 0
97 96 75 0
77 97 76 0
99 119 97 0
102 99 77 0
130 102 101 0
128 127 102 0
97 75 76 0
97 119 118 0
76 71 92 0
194 214 193 0
180 194 169 0
215 214 194 0
203 215 194 0
224 239 233 0
119 143 118 0
119 144 143 0
153 169 144 0
144 169 168 0
144 168 143 0
180 203 194 0
153 180 169 0
154 181 180 0
193 168 169 0
126 153 144 0
119 126 144 0
119 121 126 0
102 121 99 0
126 127 153 0
128 147 127 0
130 128 102 0
129 130 101 0
158 157 130 0
152 179 172 0
130 157 128 0
157 183 177 0
128 157 152 0
158 178 183 0
97 118 96 0
121 119 99 0
126 121 127 0
169 194 193 0
215 232 214 0
36 37 54 0
93 72 94 0
52 38 53 0
72 52 73 0
71 56 52 0
101 92 115 0
76 56 71 0
125 149 151 0
117 125 142 0
123 149 125 0
100 123 120 0
124 150 123 0
92 101 77 0
76 92 77 0
71 72 93 0
93 115 92 0
71 93 92 0
94 116 93 0
74 78 95 0
95 98 117 0
129 158 130 0
141 129 115 0
141 155 129 0
221 225 237 0
226 221 237 0
206 201 221 0
226 206 221 0
200 183 206 0
178 201 183 0
157 158 183 0
156 182 178 0
182 205 201 0
178 182 201 0
129 156 158 0
155 182 156 0
155 167 182 0
129 155 156 0
141 167 155 0
116 141 115 0
151 174 176 0
142 151 167 0
116 142 141 0
116 117 142 0
149 174 151 0
176 199 192 0
151 176 167 0
174 197 176 0
192 213 205 0
241 250 242 0
231 241 225 0
256 252 251 0
257 258 255 0
252 257 253 0
256 259 257 0
204 195 202 0
223 204 202 0
235 223 219 0
242 235 226 0
239 223 235 0
239 224 223 0
224 203 204 0
147 154 127 0
181 172 195 0
127 154 153 0
147 172 154 0
121 102 127 0
181 195 204 0
180 181 203 0
154 172 181 0
152 172 147 0
179 195 172 0
128 152 147 0
200 206 219 0
179 200 202 0
183 201 206 0
152 157 177 0
158 156 178 0
115 129 101 0
202 195 179 0
177 200 179 0
152 177 179 0
183 200 177 0
219 223 202 0
200 219 202 0
226 235 219 0
206 226 219 0
242 250 243 0
237 242 226 0
237 241 242 0
154 180 153 0
204 203 181 0
224 215 203 0
233 215 224 0
243 233 239 0
233 248 232 0
215 233 232 0
257 259 258 0
253 257 255 0
249 254 248 0
233 249 248 0
250 253 249 0
253 255 249 0
241 247 250 0
252 256 257 0
258 254 255 0
249 255 254 0
243 250 249 0
233 243 249 0
239 235 243 0
204 223 224 0
235 242 243 0
250 247 253 0
213 192 199 0
234 218 217 0
246 247 231 0
247 241 231 0
238 246 231 0
252 253 247 0
205 221 201 0
213 199 218 0
241 237 225 0
167 176 192 0
244 245 251 0
227 208 209 0
236 228 244 0
238 236 244 0
220 228 236 0
234 220 236 0
234 217 216 0
198 216 217 0
220 216 207 0
220 234 216 0
196 207 216 0
222 234 236 0
251 246 244 0
222 236 238 0
231 222 238 0
231 213 222 0
218 199 217 0
222 218 234 0
205 225 221 0
192 205 182 0
213 225 205 0
222 213 218 0
231 225 213 0
198 175 196 0
216 198 196 0
197 175 198 0
176 197 199 0
174 175 197 0
145 150 124 0
173 170 148 0
175 150 170 0
182 167 192 0
160 184 159 0
186 185 171 0
208 207 185 0
185 184 160 0
207 184 185 0
173 159 184 0
196 173 184 0
175 170 173 0
196 175 173 0
207 196 184 0
228 207 208 0
228 220 207 0
217 197 198 0
174 149 175 0
145 124 122 0
131 145 122 0
148 170 145 0
133 106 135 0
59 81 80 0
61 83 82 0
81 61 82 0
58 39 44 0
246 251 252 0
247 246 252 0
238 244 246 0
24 26 14 0
27 24 15 0
39 26 24 0
43 44 27 0
42 26 39 0
59 55 60 0
60 40 41 0
58 60 42 0
39 58 42 0
61 81 58 0
81 59 60 0
104 103 79 0
60 41 42 0
79 57 59 0
41 26 42 0
37 41 40 0
54 37 40 0
22 25 37 0
54 53 36 0
55 54 40 0
74 53 54 0
23 11 12 0
37 25 41 0

SubDomainFromMesh
1
3 1 1 0

SubDomainFromGeom
1
2 1 1 0

VertexOnGeometricVertex
35
 1 1
 2 2
 3 3
 8 4
 11 5
 17 6
 23 7
 30 8
 31 9
 38 10
 46 11
 56 12
 65 13
 75 14
 86 15
 96 16
 111 17
 118 18
 139 19
 143 20
 166 21
 168 22
 191 23
 193 24
 212 25
 214 26
 230 27
 232 28
 245 29
 248 30
 251 31
 254 32
 256 33
 258 34
 259 35

VertexOnGeometricEdge
0

EdgeOnGeometricEdge
35
1 1
2 2
3 3
4 4
5 5
6 6
7 7
8 8
9 9
10 10
11 11
12 12
13 13
14 14
15 15
16 16
17 17
18 18
19 19
20 20
21 21
22 22
23 23
24 24
25 25
26 26
27 27
28 28
29 29
30 30
31 31
32 32
33 33
34 34
35 35

End
