MeshVersionFormatted 0

Dimension
2

Identifier
";7, Date: 09/09/08 14:35 06s"

Geometry
"meshP1H1.txt.gmsh"

Vertices
1055
1 1 3
0.816324562909 0.911428979456 0
1 0.814208155024 2
0.566222742489 1 3
0.622320823119 0.804156588512 0
1 0.655174827703 2
0.860930299142 0.545530142994 0
0.718361554926 0.620498832441 0
0.413546780025 0.763320115981 0
0.164270263038 1 3
1 0.531267891378 2
0.74686310693 0.491276334911 0
0.866288746128 0.448603875842 0
0.580661558846 0.572881740045 0
0.118774106016 0.861977517812 0
0.337021102301 0.686241084295 0
0.274488829828 0.586694692642 0
-0.0817419642813 0.892675628387 0
0.21080979723 0.591725048298 0
0.0843479675804 0.635935305942 0
0.143238262408 0.68847161439 0
0.0526433643888 0.633103195008 0
0.19238293438 0.561592244999 0
0.105670724871 0.616061546766 0
0.153561745412 0.610739927766 0
0.361989963157 0.605726519902 0
0.0803885943922 0.618559909449 0
0.154027002327 0.602543249444 0
0.135334243603 0.600976131228 0
0.076655554228 0.686038793575 0
0.185470767388 0.613901930939 0
0.353646589102 0.567077608899 0
0.074636035975 0.770716587413 0
-0.091115094988 1 3
1 0.43832107847 2
0.679229849349 0.456170953688 0
0.777046392445 0.410870202403 0
0.852564946928 0.385909791649 0
0.542900795044 0.521546404256 0
0.389300412348 0.524828192095 0
-0.177875046064 0.896726054861 0
0.309479474726 0.542619124576 0
0.34742518821 0.532537487357 0
0.0158495952488 0.678123947658 0
-0.0554654503902 0.692209227834 0
-0.0581225246397 0.701561012754 0
0.246507605076 0.566548183689 0
-0.117492037262 0.807169711663 0
-0.0749029335716 0.685303995274 0
0.177125053496 0.580176805625 0
-0.0417373602453 0.675747871681 0
0.205038632841 0.551273408947 0
0.221524846425 0.552586191747 0
0.10540543565 0.596559299993 0
0.11758525425 0.594935061734 0
0.256567478576 0.532949574771 0
0.24104878387 0.558628472553 0
0.217343134722 0.571967662448 0
0.0476383647271 0.643895652743 0
0.524489393994 0.489161915083 0
-0.0309107629592 0.662888416715 0
0.1977816773 0.567370052392 0
0.0995634938401 0.607947976191 0
0.274768928691 0.550863743175 0
0.23719146324 0.557216586897 0
-0.0599327934628 0.724090478709 0
-0.159040139159 0.787703144329 0
0.488050081821 0.485027424638 0
0.0900428906796 0.599869387299 0
0.133419069256 0.591299360081 0
0.282716610517 0.528731498193 0
-0.241175168456 1 3
1 0.374570894988 2
0.847925489925 0.34820897973 0
0.715945535215 0.39143675302 0
0.636097583713 0.431545793793 0
0.770564217867 0.357591321877 0
0.48035878594 0.471454298207 0
-0.283035472082 0.916155516729 0
0.354324477928 0.517659007631 0
0.41667043358 0.493717593735 0
-0.188958052486 0.767257243414 0
-0.118052304401 0.713030795975 0
-0.191813617975 0.755153933949 0
-0.282749953096 0.862370209125 0
-0.162616519522 0.720226399411 0
-0.197491200687 0.742461373651 0
0.273650322914 0.53784871303 0
0.30116955148 0.508910771189 0
0.261710261341 0.520680570595 0
0.118622289261 0.583263407945 0
0.302834479148 0.514053168099 0
-0.0211375275462 0.650788714648 0
-0.0399229890213 0.655237584505 0
0.0157669331487 0.638330466395 0
0.320589789387 0.521668321144 0
0.330176652382 0.522609660518 0
0.578167375445 0.434108168447 0
-0.127491099208 0.701054497173 0
-0.0015305233716 0.647676028277 0
-0.249922391219 0.813113705342 0
-0.0502360737446 0.655543988692 0
0.338749676926 0.499938407776 0
0.33053833022 0.509128465846 0
0.1462074747 0.566744916003 0
-0.039057708055 0.646524196723 0
-0.251575214575 0.760397455454 0
0.219822902461 0.532665786592 0
0.831106877428 0.313671867808 0
-0.333075999262 1 3
0.820689499768 0.27204845377 0
1 0.313010282398 2
0.735041514728 0.292173971646 0
0.747486203141 0.321331028867 0
0.706162217775 0.349460861334 0
0.658836108742 0.390076822816 0
0.546845438314 0.428091129743 0
0.481799120822 0.456812332939 0
-0.365438820419 0.931228886402 0
0.414514921303 0.48645206058 0
-0.309454465803 0.827759944896 0
-0.296090293698 0.80800463262 0
-0.250181052054 0.775445484003 0
-0.354990971791 0.875721125202 0
-0.241728939546 0.75027780993 0
-0.306907878083 0.790873410044 0
-0.2938047483 0.791028524885 0
0.355193708726 0.50046071975 0
0.369265919335 0.479517287225 0
0.346250582046 0.48428590251 0
0.333161428598 0.483337587325 0
-0.010981609848 0.629426506286 0
-0.166332781966 0.709774377915 0
-0.131319568171 0.699249456495 0
-0.183126083498 0.712493616888 0
0.385904321251 0.489025583777 0
0.398654407308 0.487680444551 0
0.607189429128 0.402209530673 0
-0.210601584851 0.718967883238 0
0.379506567413 0.481643588435 0
0.0496690775163 0.600768948364 0
-0.152093038559 0.688789520592 0
-0.334401479821 0.797453380594 0
0.243728917297 0.518282255403 0
0.733572780963 0.259381927249 0
0.68226605863 0.254033332219 0
0.466021192645 0.149306068813 0
-0.359483948916 0.823875235721 0
0.552922584031 0.196791761183 0
0.585925694008 0.1980628151 0
0.387154778975 0.134067427248 0
0.108585337242 0.573208763305 0
0.415789162043 0.133662345176 0
0.204544840497 0.530330286256 0
0.729921425746 0.178696014583 0
0.480678686615 0.172066276505 0
-0.387177986783 1 3
0.606394193769 0.190841829424 0
0.599208444453 0.164254807435 0
1 0.228755781261 2
0.667367870166 0.279264746285 0
0.61766397747 0.239660074812 0
0.690037637516 0.311739358024 0
0.663629963646 0.339190286831 0
0.642631383597 0.368758830004 0
0.531359637431 0.418843305974 0
0.587534856277 0.387780595289 0
0.469186402831 0.452310634143 0
-0.412536928171 0.911417279062 0
-0.410694190863 0.948147292185 0
-0.376571197236 0.862291267095 0
-0.352881043303 0.832427841185 0
-0.347384340574 0.795610900069 0
-0.265588856076 0.754616697648 0
-0.396951873417 0.838183577743 0
0.413105899731 0.468591857999 0
0.42649143314 0.453143656055 0
0.421441217525 0.449733914278 0
0.399345426783 0.455892834635 0
0.406141752414 0.44405147577 0
0.330358720518 0.47724820145 0
-0.174234155833 0.691774638313 0
-0.287073457127 0.75751684301 0
0.444489049616 0.458092970785 0
-0.247388486702 0.727737285155 0
-0.316041246685 0.763349080172 0
-0.090538314951 0.654859851366 0
-0.405880740282 0.831523280938 0
0.426044935548 0.121975996914 0
0.306205024278 0.079281824366 0
-0.405442405857 0.857148752398 0
0.285038606578 0.0880922957899 0
0.311165987095 0.104631361234 0
0.450735973657 0.167096450458 0
0.366480390081 0.118060158025 0
0.394736585049 0.144924202859 0
0.0366186478565 0.599646660748 0
-0.0613308239811 0.64087711449 0
0.268517041665 0.0702113576313 0
0.168726729968 0.541939834822 0
0.0620342196291 0.587164283804 0
0.281179684992 0.494039404103 0
0.387004301002 0.0446635752875 0
0.694832905015 0.0833741771546 0
0.389132671827 -0.00569646264612 0
0.541463841209 0.209451061458 0
-0.420979061902 1 3
0.645739473956 0.316102605517 0
0.231897662135 0.085281155549 0
0.279224636234 0.487023237651 0
0.229293817361 0.0677739281437 0
0.33723814118 0.121150118866 0
0.332981538747 0.125748188773 0
0.502363510383 0.19843171517 0
0.315692263876 0.12136546162 0
0.272176893028 0.493863669694 0
0.0994173072279 -0.102065627424 0
0.249343357299 0.0955825543933 0
-0.438382277833 0.961769908148 0
0.368769186226 0.0847335534285 0
0.310514658306 0.0430526813074 0
1 0.0940394569833 2
0.585234312062 0.244771308923 0
0.626305340759 0.282979478353 0
0.61399560739 0.346517525446 0
0.507281079184 0.420163814405 0
0.565809257927 0.37632493953 0
-0.427168087578 0.888363617667 0
-0.452194132834 0.930842271132 0
-0.426636412403 0.833139645675 0
-0.370340265036 0.797039552978 0
-0.454403147386 0.864133895902 0
-0.450297688725 0.882813978298 0
0.470858969808 0.433726627124 0
0.465443681339 0.427746181475 0
0.454300059366 0.423385099699 0
0.380314577409 0.447816954963 0
0.445571972647 0.415110438732 0
-0.258822376013 0.72381817735 0
-0.306273285615 0.750365183774 0
-0.378456656016 0.79032022351 0
0.195899159377 0.0241068055888 0
0.0742110841868 -0.0178487260255 0
0.0963035300992 -0.00300355593655 0
0.104704662493 0.0147624709761 0
0.145146752423 0.0285728537032 0
0.231134814111 0.0607514315447 0
0.249584794057 0.0819728513662 0
0.172439657278 0.0469799664185 0
0.449528565514 0.176670629178 0
0.384798908465 0.14755747094 0
-0.0885047640375 0.648552905843 0
-0.168814923857 0.682632788916 0
0.128738058771 0.0167003807526 0
0.1030738887 0.00361480201566 0
0.157963017641 0.543243587296 0
-0.0124171429121 0.614721078167 0
0.0822518829389 -0.065113844819 0
0.682780137386 -0.0526745239328 0
0.349520623358 -0.116529944184 0
0.11520730066 -0.161707778405 0
-0.454066885372 1 3
0.608242622298 0.307140996058 0
0.123178906375 0.0393903860495 0
0.119287203939 0.0412770304465 0
0.243818487143 0.087386484184 0
0.187119169318 0.526726613387 0
0.349171188857 0.457908696926 0
0.270743281878 0.486406816799 0
0.339397439091 0.457570201665 0
0.0801699936655 0.00736767486076 0
0.277617800102 0.0981936690397 0
0.386668097552 0.155532510269 0
0.525426870891 0.220608917993 0
0.336842847093 0.135137683849 0
-0.0770809568679 -0.14483789733 0
-0.0875138087237 -0.197432150219 0
0.179196809437 0.0697733962184 0
0.293633744223 0.119302955165 0
-0.252921339506 0.718025154963 0
0.125076523561 0.0301294643397 0
0.237700175307 0.104649194284 0
0.31719291146 0.1356675863 0
0.213112381673 0.0889075966901 0
0.142274810598 0.0633911048934 0
0.176385432216 0.0571408919092 0
-0.477215587537 0.961819526445 0
0.0578695668899 -0.0475685470246 0
1 -0.130936969434 2
0.562540810108 0.255835483729 0
0.582210675238 0.330498008995 0
0.52677329632 0.392699790073 0
0.554800221124 0.359901154104 0
-0.475483408483 0.922137440519 0
-0.440001127411 0.828609119977 0
-0.479659952694 0.865045894911 0
-0.491948533085 0.90084322059 0
0.501250597605 0.400866291328 0
0.490386511364 0.390638076154 0
0.401813630773 0.428087098467 0
0.464557489045 0.391546871329 0
-0.337766876268 0.759385319005 0
-0.331790091162 0.752878599076 0
-0.375305478397 0.780582170761 0
-0.421754037352 0.806508566441 0
-0.0479984888983 -0.0770250028241 0
-0.107763305923 -0.0935228623833 0
-0.0578132599095 -0.0665694240716 0
-0.0515995049981 -0.0469782350849 0
-0.0559040315774 -0.0526750317447 0
0.00889055561347 -0.0294158557967 0
0.144740954322 0.0411879668243 0
0.0128336871018 -0.0176993686978 0
0.492712688611 0.208820967222 0
0.441695698753 0.181814471617 0
-0.192810281059 0.689279818204 0
-0.285377538119 0.729635172317 0
-0.0500270410078 -0.0580729463763 0
0.0303743929975 0.594199503393 0
-0.182111048713 0.682362814381 0
-0.119696259745 -0.136749678235 0
0.463753087553 -0.241852481855 0
0.148287747691 -0.268045579802 0
-0.0470575086454 -0.267687245535 0
-0.487691849791 1 3
0.579833563457 0.290604054017 0
-0.0125696048336 -0.0162621613306 0
0.0929386977495 0.025215468074 0
-0.044250343087 -0.0277238674354 0
0.0237917189116 0.00100901089953 0
-0.0744675243329 -0.0360801231787 0
0.00902405832196 -8.80157187235e-05 0
0.183530412994 0.523742426067 0
0.0694928603686 0.574656366458 0
0.345645317844 0.448994061681 0
0.254369967931 0.488602421113 0
0.382280804396 0.161630757801 0
0.439996090044 0.189649784999 0
-0.207049055933 -0.210334583526 0
-0.197412316235 -0.273795305851 0
0.0421627430348 0.0170188861494 0
-0.00830713664775 -0.0233495142792 0
0.0868964592518 0.0443216273131 0
0.140050508725 0.0685738421982 0
0.272445363077 0.123907746652 0
0.373349204129 0.166084666147 0
0.027618388844 0.0145386507273 0
-0.0388028481719 -0.00918153114281 0
-0.00431852018618 0.00352408129807 0
-0.00484291346634 0.00580032419637 0
0.0462039839743 0.00428981134671 0
0.0634717345062 0.0120934734526 0
0.0898547510087 0.0206404512666 0
-0.00535703410556 -0.0150091879662 0
0.323065075777 0.455083624044 0
-0.122098598064 -0.354669017106 0
-0.513954235445 0.947083675335 0
-0.168845638397 -0.141262753375 0
0.632317842852 -0.362994473551 0
1 -0.381999065504 2
0.497072288928 0.223488125659 0
0.541434005171 0.257933476894 0
0.55188842088 0.328412710735 0
0.556131759156 0.293302071741 0
0.527297190278 0.363781687325 0
-0.471760106099 0.837540683639 0
-0.500443516175 0.866469738051 0
-0.522141637774 0.904397733437 0
0.502825725807 0.36121623691 0
0.41978790564 0.408138338523 0
0.464177605701 0.373402116825 0
-0.404803450758 0.789252322874 0
-0.373597144566 0.768725569355 0
-0.469392452831 0.826861572258 0
-0.20627156887 -0.142863191884 0
-0.170788576125 -0.113815081776 0
-0.107509900312 -0.0668196673818 0
-0.155487273513 -0.0907400090799 0
-0.180701634027 -0.105964928182 0
-0.154303485436 -0.0990017277863 0
-0.0232724343715 -0.0266536233385 0
-0.296575339291 0.731376323753 0
-0.0953491613517 0.643976167378 0
-0.196851523848 0.685773111585 0
-0.278906776148 0.720144827508 0
-0.266268176938 -0.209637112796 0
0.28970076591 -0.399014619126 0
0.0457060420951 -0.378800017277 0
-0.519941867949 1 3
-0.151501862561 -0.0721934954879 0
-0.0719397482664 -0.0412786386744 0
-0.160306715329 -0.0733245792997 0
-0.203218867083 -0.0872799869347 0
-0.150307082176 -0.06235257891 0
0.135542490327 0.540220523136 0
0.064114753041 0.573475142032 0
-0.0570267706825 0.624418014054 0
0.383481835852 0.423572825848 0
0.281281662734 0.470017112377 0
0.186776724104 0.513904932523 0
0.430006719391 0.194237040923 0
0.475128144263 0.221341275007 0
-0.300878826291 -0.275484336209 0
-0.24618354988 -0.340628424688 0
-0.125053495623 -0.0484570779013 0
-0.133087061674 -0.0739468965024 0
-0.0142438807011 0.00615674031672 0
-0.0665974833586 -0.0173051208351 0
0.0285769063468 0.0257290370431 0
0.139747122392 0.0716880242459 0
0.18475758301 0.0923740177486 0
0.328191651082 0.15251394872 0
0.401941303816 0.188143422465 0
-0.12945075917 -0.0473008559772 0
-0.130428397448 -0.0451405949891 0
-0.0688705299591 -0.0410004144406 0
-0.0598479456194 -0.0393129902907 0
-0.0745187804567 -0.0440122698154 0
0.355161454572 0.432526584402 0
-0.125836481783 -0.432534808412 0
0.0471035640273 -0.479047591775 0
-0.558656942381 1 3
1 -0.570513555887 2
0.00180294172301 -0.610488169555 0
0.71758929845 -0.488284704126 0
-0.0183916129622 -0.597192376482 0
-0.0491984602588 -0.578667706919 0
-0.255764488569 -0.156347335629 0
0.278167057017 0.134090473374 0
-0.261568501198 -0.113778972959 0
0.124997510764 -0.649832441427 0
0.18053747216 0.0935975971657 0
-0.0731482488312 -0.562314159345 0
-0.241889756307 -0.406758993875 0
-0.0599811888587 -0.555666155879 0
0.0437239869855 -0.613273909708 0
-0.193806431315 -0.464385910237 0
0.0336385143894 -0.615432374466 0
-0.0707683019532 -0.505026091615 0
-0.1170104993 -0.519639266105 0
0.00710389903902 -0.565679143079 0
0.0752468060825 -0.62039827488 0
-0.55713763008 0.952237762039 0
-0.297795318661 -0.20171284629 0
0.511373281102 -0.540385719438 0
0.776253771754 -0.611293659953 0
0.517239592826 0.257568089396 0
0.519508614568 0.327822581976 0
0.531083602004 0.296066620238 0
-0.53010315435 0.873964807415 0
-0.550087563649 0.909126131973 0
0.488048606125 0.343758734532 0
0.41825978647 0.394342995224 0
0.453786720274 0.359856675149 0
-0.455694532879 0.808130038937 0
-0.3808320075 0.767497603887 0
-0.518466849008 0.849806629347 0
-0.305191319439 -0.190904063788 0
-0.257882147252 -0.15024863254 0
-0.206433991367 -0.109335526594 0
-0.247812166447 -0.132843621707 0
-0.275273110817 -0.152646001767 0
-0.149159192781 -0.0768098871982 0
-0.172185666361 0.671609743733 0
-0.266682552212 0.710412977388 0
-0.353078075227 0.749983516405 0
-0.359622367593 -0.256893518832 0
0.282436085621 -0.531240168868 0
-0.253398215056 -0.113656782038 0
-0.167431162074 -0.081250098769 0
-0.266912418063 -0.111149922627 0
-0.222396945962 -0.0875347469254 0
0.0368142599671 0.578567563898 0
-0.0427894180186 0.61472776594 0
0.22247943284 0.491524899622 0
0.313426583447 0.44675084692 0
0.102385748045 0.546608515542 0
0.432220712278 0.209245710401 0
0.480451920654 0.240297742196 0
-0.33089651751 -0.339666891717 0
-0.374679307651 -0.301268756532 0
-0.206882524174 -0.102716463248 0
-0.236883385707 -0.118921522825 0
-0.13082749026 -0.0410137184992 0
-0.083657045857 -0.0194847481251 0
-0.166783331632 -0.0582126573598 0
-0.0286993763486 0.00438544345469 0
0.0132502297586 0.0227017284268 0
0.0435838678593 0.0370203544651 0
0.351121414647 0.169748167097 0
-0.200070532436 -0.0747857282278 0
0.38033996838 0.409480761445 0
0.103894505414 -0.562447444534 0
0.335013544964 -0.630122830169 0
-0.605118086054 1 3
1 -0.718248615256 2
-0.113035368516 -0.564432315365 0
0.105089562221 -0.651258595363 0
-0.0891899266626 -0.570297093248 0
0.0448930959326 -0.630331994569 0
0.151202843171 -0.66635719087 0
-0.12867392905 -0.548695265428 0
-0.14205523614 -0.537766812745 0
-0.327922461016 -0.193898713167 0
0.257736720977 0.129880550123 0
-0.323605736714 -0.139953483352 0
0.227603981098 -0.689215936632 0
0.214992178356 -0.689255939171 0
0.127896362014 0.0744210724834 0
-0.116415770862 -0.538485173021 0
-0.196177614206 -0.508929627365 0
-0.329699293558 -0.389781178905 0
0.123713383597 -0.631226644567 0
-0.235346761152 -0.471313847367 0
-0.202563458645 -0.494793496361 0
-0.272302349937 -0.439965867963 0
0.203508173581 -0.637738522326 0
0.237004917518 -0.670587265864 0
0.248019850207 -0.691401892059 0
0.0449543374518 -0.634648999804 0
-0.132142448363 -0.565995882983 0
-0.257373200225 -0.117805334301 0
0.198306415535 -0.710263730477 0
0.110808989759 -0.676772496535 0
0.249952523319 -0.733033959784 0
-0.249277328039 -0.48983361594 0
-0.113357713748 -0.569652568831 0
-0.0177016852565 -0.610626642856 0
0.349287485492 -0.739189947033 0
0.121126375769 -0.675573568615 0
-0.00349195206096 -0.619026698752 0
-0.116765405186 -0.565754162568 0
-0.00233792848768 0.0215643480646 0
0.0561331270578 -0.637607720292 0
-0.596136987727 0.935263433524 0
-0.374961219768 -0.233187236235 0
0.588395879845 -0.686951741577 0
0.807495172601 -0.75575045372 0
0.50408289539 0.269063255475 0
0.483527660495 0.317407718583 0
0.497433397968 0.298974838883 0
0.501424908553 0.284826491483 0
-0.576580936744 0.892730885691 0
0.454661846668 0.33559459276 0
0.413166041357 0.375684606277 0
-0.553271981363 0.861012744674 0
-0.502024255146 0.823303142418 0
-0.430400464728 0.784975460637 0
-0.345299120196 -0.197145166478 0
-0.30029721659 -0.151335086457 0
-0.330131693111 -0.172253311767 0
-0.360823918174 -0.197074420984 0
-0.255416502689 -0.12039912968 0
-0.193215170474 0.674371482898 0
-0.334674748573 0.736451431035 0
-0.418334352053 -0.304642719959 0
-0.415457025346 -0.273927054403 0
-0.328195108189 -0.14780774111 0
-0.285447713331 -0.113023573039 0
-0.319766744925 -0.132711353816 0
-0.0511031210656 0.61091325217 0
0.120936702509 0.531984759342 0
0.261152221333 0.463891040075 0
0.346410184943 0.417559076505 0
0.427346012112 0.218672671832 0
0.347424471158 0.174681706585 0
0.466058936827 0.247760741034 0
-0.395176091857 -0.341645961267 0
-0.29149170385 -0.140482649249 0
-0.217358344781 -0.0764581676077 0
-0.176188368638 -0.0571661473724 0
-0.139819706193 -0.0406832432758 0
-0.244161387539 -0.0914889065518 0
-0.121220858796 -0.03160092804 0
-0.105194097453 -0.0230379992669 0
0.393797744257 -0.706705914544 0
0.577269798375 -0.768626073746 0
-0.666574418325 1 3
1 -0.859940457973 2
-0.235287411153 -0.514488129605 0
-0.208672657381 -0.522015313138 0
0.178667715089 -0.685733884399 0
0.236111349445 -0.704411950758 0
0.246553984242 -0.712078636751 0
-0.215604324916 -0.514778697393 0
0.294744662038 -0.726521373992 0
-0.254234439973 -0.492096365302 0
0.189693715438 0.103211307234 0
0.273024432831 0.141463283094 0
-0.367881156501 -0.160934216695 0
-0.360551206159 -0.152098138262 0
0.329537575722 -0.736666137416 0
0.0855239793112 0.0608559412527 0
-0.262831795029 -0.472718782377 0
-0.296577129346 -0.462819567525 0
-0.347155787848 -0.409356952739 0
-0.402501879949 -0.368734494423 0
0.355316412408 -0.732877500383 0
-0.322209376326 -0.436519076456 0
0.408450640607 -0.742471909418 0
0.147048596597 -0.678353081668 0
-0.222082091622 -0.531181482096 0
-0.216431629506 -0.529932585845 0
0.247215176167 -0.726275861316 0
0.164663016499 -0.702581537376 0
-0.00725175154216 -0.631036111781 0
-0.0130379341227 -0.623862655838 0
0.294577557852 -0.75272906763 0
0.272712724877 -0.748584366539 0
-0.331521345782 -0.450545806787 0
-0.244450022158 -0.51498399582 0
0.42746057125 -0.774552442195 0
0.406653320691 -0.771897314101 0
0.13689947965 -0.677938239002 0
-0.0549160562319 -0.601880059245 0
-0.0505558689207 0.0048436464883 0
-0.128188746291 -0.0292815020945 0
0.211731947294 -0.702627777619 0
-0.219174060438 -0.536030912083 0
0.0393564656914 -0.655870700585 0
0.185479478413 -0.715213049493 0
-0.652724475191 0.927592740205 0
-0.433917209454 -0.266827756861 0
-0.414532749491 -0.239563183351 0
0.795483815257 -0.863427612089 0
0.4656786677 0.265869276244 0
0.458616568327 0.283548345351 0
0.447823074978 0.304402858352 0
0.420511794089 0.338446723839 0
0.371652824538 0.38573568099 0
-0.594013168236 0.87077003449 0
-0.5169044416 0.82101055711 0
-0.417326165957 0.769175905163 0
-0.383205719728 -0.191383208838 0
-0.356908664391 -0.172748441609 0
-0.400594978136 -0.208928166272 0
-0.420898386947 -0.230444573219 0
-0.352841130409 -0.164427949208 0
-0.177927237582 0.659201509242 0
-0.312191941658 0.720111736976 0
-0.455136558578 -0.302155517837 0
-0.443279680516 -0.33230016795 0
-0.394560648937 -0.177616097949 0
-0.314146569495 -0.121642906191 0
-0.346378394617 -0.140255306927 0
-0.000109245025468 0.579627779382 0
0.164584959552 0.500779442802 0
0.285689442912 0.43616422825 0
0.371142613806 0.193760368614 0
0.415495738815 0.226141263568 0
0.28680065966 0.152929993742 0
-0.272209393605 -0.0989290028104 0
-0.215773861585 -0.0714537429786 0
-0.216614440624 -0.067958593674 0
0.546405489196 -0.80131216752 0
0.69011002689 -0.873804973042 0
-0.747625256188 1 3
1 -1 2
-0.310700435746 -0.476513576406 0
-0.323548459725 -0.477106537111 0
0.299130391327 -0.738554512508 0
0.335215436736 -0.750244208721 0
-0.310879103519 -0.470747220205 0
0.391765809145 -0.771226815511 0
-0.367820179714 -0.437958502239 0
0.196800544917 0.1105524321 0
-0.39388248636 -0.168088740993 0
0.0819393503077 0.0627084951695 0
-0.0570258439299 0.00528862661854 0
-0.36381781755 -0.424744038258 0
-0.401249233947 -0.391951840707 0
-0.450271137798 -0.354959520827 0
0.487434169606 -0.794225848634 0
0.275537793738 -0.733633546548 0
-0.322375304253 -0.486629396853 0
-0.317658166343 -0.494040281961 0
0.334729480255 -0.764765248872 0
-0.0118561956804 -0.632756287849 0
-0.140212747734 -0.578298651957 0
-0.14568538702 -0.570832704283 0
0.351286468776 -0.778831418146 0
0.322876574275 -0.772065348671 0
-0.403764438771 -0.411360806965 0
-0.334249798823 -0.477593680524 0
0.476484249709 -0.804831905313 0
-0.183085289677 -0.0494774045915 0
-0.256316119866 -0.524734734384 0
-0.109290182483 -0.595521863321 0
0.0366219743151 -0.657003140977 0
0.23666434833 -0.738904050493 0
-0.178838891588 -0.0442669803908 0
-0.329601799835 -0.124515241956 0
-0.513202225447 0.807582235339 0
-0.838550822268 1 3
-0.655811462757 0.887471906334 0
-0.468690384935 -0.284087991611 0
-0.470159702024 -0.265422866617 0
0.827031741237 -1 1
0.413261837759 0.242086769053 0
0.416289101068 0.266001799157 0
0.408562292293 0.293893686831 0
0.383892147112 0.317471663923 0
0.376833067497 0.353597732508 0
0.312078641713 0.39446584546 0
-0.324002461644 0.716042375832 0
-0.416595160895 -0.198018047798 0
-0.447541761683 -0.225975973787 0
-0.461321742851 -0.245861664832 0
-0.147837615189 0.633612305601 0
-0.484193181831 -0.319319213077 0
-0.438166198576 -0.197054752235 0
-0.382550654038 -0.154241808206 0
0.0380097076775 0.546230410829 0
0.198129009536 0.463820771639 0
0.330680108037 0.179714725889 0
0.370061789652 0.206978796475 0
0.231822657587 0.133506994796 0
0.158802283384 0.0983611047389 0
-0.299239971416 -0.106168838456 0
-0.288397108637 -0.0962764924456 0
0.581965699626 -0.852899220279 0
0.683385615602 -0.917946206398 0
-0.392556588893 -0.441608473667 0
-0.394993723521 -0.431584542514 0
-0.387095489083 -0.453222350218 0
0.364604945058 -0.771890867752 0
0.404885354477 -0.785443550324 0
0.461128413671 -0.810473798192 0
-0.449332048388 -0.394743649786 0
-0.419427751619 -0.178118589593 0
-0.00189186677552 0.0316780800932 0
-0.148574409446 -0.0286881503348 0
-0.445287441413 -0.378909774397 0
-0.48635804418 -0.343730361665 0
-0.378696521782 -0.465592725549 0
-0.327198355244 -0.495760491046 0
0.393710656326 -0.792924644705 0
-0.199769996098 -0.556781262839 0
-0.243003652985 -0.534820913692 0
0.389574633148 -0.798792073093 0
0.340974741235 -0.783385623634 0
0.529393260257 -0.838334755873 0
-0.267883014743 -0.0822203455395 0
-0.142599462566 -0.583963963301 0
-0.0095408152236 -0.640588981714 0
0.154874211019 -0.707145238565 0
0.259584981817 -0.752149357471 0
-0.360539108447 -0.13680822016 0
-0.581966035067 0.820682603747 0
-0.424854226628 0.75185120664 0
0.517466763597 -0.843468411208 0
-0.160190755299 -0.579521374515 0
0.346982265213 -0.791472804163 0
-0.234565200724 -0.0625349251437 0
-0.0494534558959 -0.62675056376 0
-1 1 4
-0.769236000242 0.905583341139 0
-0.504900832196 -0.296369768357 0
-0.499313991028 -0.265082174378 0
0.7121050937 -1 1
0.361781452825 0.22526410821 0
0.333507653259 0.196879598443 0
0.359423813049 0.246981812691 0
0.343357332983 0.278233375347 0
0.315482910334 0.338031410404 0
0.224121183385 0.416318912395 0
-0.205424915789 0.641582393562 0
-0.473219622914 -0.228950007369 0
-0.517133036353 -0.323009071442 0
-0.444487242742 -0.188608927086 0
-0.48203708973 -0.218817264035 0
-0.40639733205 -0.159918469626 0
0.0501758388757 0.514507034091 0
0.284271093566 0.164143296955 0
0.192596560566 0.122493065216 0
0.0953706661148 0.0762850791817 0
-0.363880573843 -0.133529747419 0
-0.360385372597 -0.126413122805 0
0.625674617259 -0.924036300777 0
0.568255553796 -0.879916955155 0
-0.437443221758 -0.425512187466 0
-0.44810351188 -0.410065479474 0
-0.429136160504 -0.438950666978 0
0.444756283245 -0.813428117789 0
0.502858396454 -0.847495878939 0
-0.493748803554 -0.356888742207 0
-0.484861144771 -0.388017861207 0
-0.499707136855 -0.367777477844 0
-0.0687017562237 0.00848575603121 0
-0.386993464289 -0.468731869704 0
-0.303060370606 -0.512354608771 0
0.434371648146 -0.815554989478 0
-0.24675403068 -0.541386677017 0
0.435626577181 -0.822372912273 0
0.401389805239 -0.811150638135 0
-0.33716822905 -0.109684216189 0
0.135956827366 -0.702761257806 0
0.252656555954 -0.753100421684 0
-0.425682739588 0.725623767112 0
-0.627126752378 0.801150052358 0
-0.207313718486 -0.562583453494 0
0.316698097967 -0.784061524653 0
0.3984277822 -0.818301716463 0
-0.289811929605 -0.0821334175805 0
-0.181291469286 -0.0359242684542 0
-0.115297185501 -0.601774816085 0
0.0407706369991 -0.665971947634 0
-0.44698113709 -0.182281175382 0
-0.37022418025 -0.482485609411 0
-0.0828911433966 0.00753737839379 0
-0.137994072998 -0.594028483698 0
-0.0174120651157 -0.644401864557 0
-1 0.869835249249 4
-0.832707995384 0.864148008285 0
-0.534251293045 -0.298526560955 0
-0.518791085804 -0.257727929488 0
0.629821339236 -1 1
0.278558570993 0.178433409381 0
0.259251905043 0.184441296798 0
0.2034747961 0.135623912449 0
0.277477042719 0.21958675471 0
0.26446673217 0.264656065487 0
0.250942817604 0.314517339589 0
0.195808953157 0.382413643208 0
0.0535701676405 0.468970431753 0
-0.171320497275 0.59025377721 0
-0.531529607805 -0.33657036999 0
-0.482979082787 -0.203033441626 0
-0.512117968542 -0.231436447931 0
-0.429711500347 -0.165318244824 0
0.0613616930967 0.0684322154305 0
-0.424311251579 -0.153844386965 0
0.546246700631 -0.890096457592 0
0.580223666442 -0.93449096748 0
-0.480116255098 -0.404493616713 0
-0.449556920276 -0.435683044307 0
0.474666683339 -0.842762187059 0
0.511184581484 -0.872316512294 0
-0.525000898195 -0.363256885446 0
-0.418872475329 -0.459733593784 0
-0.34469990706 -0.498371801498 0
-0.299880498635 -0.521647685686 0
0.449542440131 -0.83876027619 0
-0.378596629051 -0.123880013642 0
0.168824561539 -0.721370188057 0
-0.421084322649 0.678388739328 0
-0.664328052844 0.755302199213 0
-0.245817010802 -0.549765720474 0
-0.322255904567 -0.515167591826 0
0.377691560646 -0.817107369097 0
0.276729737709 -0.770759453511 0
0.44012883296 -0.84533318411 0
-0.346618634751 -0.103076592645 0
-0.231363242688 -0.0527682955295 0
-0.108426681879 0.00179258851326 0
-0.168273423042 -0.584160103618 0
0.028251747602 -0.665435900927 0
-0.542090620467 -0.258354072277 0
-0.492783906872 -0.409536671509 0
-0.831568463614 0.733579318916 0
-1 0.738919178054 4
-0.563059300392 -0.330507645731 0
-0.55919197554 -0.292847075372 0
0.570099796138 -1 1
0.135746033013 0.116852856653 0
0.15743967169 0.151885225502 0
0.0531915887598 0.091854033944 0
0.0299707313111 0.063851152176 0
0.162584558216 0.188583345876 0
0.12957929694 0.243224127765 0
0.143718734931 0.323675126425 0
0.0161012784416 0.405653937824 0
-0.179712520443 0.529160529819 0
-0.535706644393 -0.232905531048 0
-0.493028375326 -0.194443422346 0
-0.466005219536 -0.16739594313 0
0.53050062399 -0.909804230585 0
0.552803773284 -0.951478591833 0
-0.529566325451 -0.375478209282 0
-0.469764105787 -0.434923796451 0
0.487853995575 -0.870456707677 0
-0.39768560715 -0.477123782387 0
-0.430271160445 -0.141877381024 0
0.169962626716 -0.727733413358 0
-0.456406537539 0.623582466599 0
-0.649963062121 0.650156808013 0
-0.307400263121 -0.525476172628 0
-0.395091756232 -0.48470047889 0
0.312544439926 -0.792094887709 0
0.396930605744 -0.835452837335 0
0.464629727438 -0.869285360818 0
-0.371792403664 -0.109358890751 0
-0.277784761697 -0.0686638674458 0
-0.194178767247 -0.029383254509 0
-0.246870599962 -0.553956176315 0
-0.0280907873952 -0.645177755605 0
-0.570750489684 -0.272534772222 0
-0.521605243522 -0.398392399782 0
-0.77025447764 0.571252702497 0
-1 0.587404913797 4
-0.564129647237 -0.364667869067 0
-0.594212788634 -0.303773378813 0
-0.602084208792 -0.335124190375 0
0.530672453482 -1 1
-0.130234290179 0.00417349542124 0
-0.0464309908503 0.0732234350743 0
-0.171035199673 -0.00105587095722 0
-0.0286488869323 0.122140116779 0
-0.0349362484702 0.30138064415 0
-0.0659171908362 0.175528166459 0
-0.252816631653 0.443386051694 0
-0.553862171214 -0.227555935123 0
-0.591188427867 -0.263568527755 0
-0.533797926932 -0.202833661078 0
-0.503156557084 -0.17643964532 0
0.524762549328 -0.951480493628 0
0.499456799471 -0.921045813831 0
0.491159707889 -0.894981902134 0
-0.530960179073 -0.40560540782 0
-0.47185515316 -0.443334642412 0
-0.441915072841 -0.139725101791 0
0.205112851498 -0.747602086822 0
0.0689523969366 -0.691011961425 0
-0.509024307598 0.518196324939 0
-0.37256175 -0.500067955016 0
-0.464314257497 -0.454115752041 0
-0.445369029402 -0.466619390869 0
0.304961881293 -0.795678562655 0
0.44558891955 -0.871084343169 0
0.390471839102 -0.843366530815 0
-0.336163066238 -0.087540019039 0
-0.347812699282 -0.514564693655 0
-0.210337797339 -0.572035921395 0
-0.110392434251 -0.615630872461 0
-0.117271676835 -0.616859095903 0
-0.733796994063 0.420493668699 0
-1 0.417344834822 4
-0.582939091543 -0.377449210514 0
-0.63007189007 -0.300092054065 0
-0.62525625949 -0.343581397009 0
0.497549543484 -1 1
-0.373061995252 -0.0926858908959 0
-0.304026234203 -0.0244750849978 0
-0.341574205243 -0.0629592885697 0
-0.295039324694 0.0190979586394 0
-0.289523808599 0.306804679719 0
-0.287885797591 0.171580654519 0
-0.350235928718 0.0514088068023 0
-0.551358139131 0.353444360813 0
-0.591955432468 -0.234471142331 0
-0.631225284675 -0.266097328467 0
-0.566214765018 -0.203970337893 0
-0.512782237678 -0.170348013722 0
0.487781841748 -0.952294570067 0
0.501228830648 -0.973247318846 0
0.466141389986 -0.923238781117 0
0.45042214823 -0.88999225816 0
-0.525315623037 -0.423613258329 0
-0.463300424148 -0.13891498141 0
0.197463568443 -0.752564291593 0
0.00983470536683 -0.674035136875 0
-0.465845793404 -0.462724961373 0
0.318855144316 -0.812792603842 0
0.398302666118 -0.860275155254 0
-0.31625128278 -0.531842783197 0
-0.238424183409 -0.570077259358 0
-0.315678056177 -0.541615345228 0
-0.59875423972 -0.388046669004 0
0.123999513626 -0.727947079102 0
-0.515503869866 -0.104150893903 0
-1 0.201388825811 4
-0.652862877523 -0.352380344933 0
-0.674964669359 -0.286161779198 0
-0.667158729439 -0.319529545748 0
0.462402573555 -1 1
-0.514574994171 -0.14060751102 0
-0.561059578811 -0.0696766578539 0
-0.603895607692 0.171965259129 0
-0.583772367809 0.00974308303432 0
-0.63175813038 -0.23836983589 0
-0.570353799936 -0.186887067762 0
0.461212966792 -0.961665554804 0
0.446844185111 -0.934989205465 0
0.422489498177 -0.897156595129 0
-0.583790940914 -0.409260432996 0
0.248094894891 -0.789354052436 0
-0.101003868987 -0.636222248524 0
-0.466606799327 -0.472527675912 0
0.357946280724 -0.849451463803 0
-0.341143377477 -0.537714686966 0
-0.673324532386 -0.362029799567 0
0.0900037975286 -0.723935595315 0
-0.675275345791 -0.153536587487 0
-0.63427362989 -0.179109265951 0
-0.649024715507 -0.227895496392 0
-1 -0.00145434295504 4
-0.816750076907 -0.00155840603431 0
-0.720905826571 -0.318316688567 0
-0.707018926342 -0.269645164098 0
0.431862653355 -1 1
-0.674753959133 -0.221120311324 0
-0.781686960702 -0.140759568077 0
0.433374137727 -0.969291096638 0
0.414859478411 -0.938612146033 0
0.379304582973 -0.891653886057 0
-0.612146078681 -0.412029170715 0
0.315653932895 -0.839399953074 0
0.220541726958 -0.796375731684 0
-0.150436427182 -0.62951179014 0
-0.471157990945 -0.487001679634 0
-0.71176211109 -0.364697386607 0
0.0850507464091 -0.738437348715 0
-0.756439585733 -0.2209800948 0
-1 -0.151269457404 4
-0.787626705806 -0.33905673644 0
-0.781279716964 -0.282015228843 0
0.39768718716 -1 1
-0.876114304912 -0.245287886665 0
0.363872756891 -0.93615856731 0
0.306770659776 -0.866820227087 0
-0.624406752775 -0.432284155942 0
0.19259763644 -0.814507851638 0
-0.0281599396769 -0.705814155615 0
-0.348670913743 -0.559702746487 0
-0.747808335256 -0.386980549722 0
-0.51015507845 -0.508296503564 0
-1 -0.299051675316 4
-0.878898401613 -0.330925226593 0
-0.835851074749 -0.391173918193 0
0.34343427606 -1 1
0.268578231565 -0.906592823712 0
-0.679894883035 -0.453635907875 0
0.0966226430302 -0.800414127784 0
-0.179405176907 -0.663089966017 0
-0.398232245989 -0.595089020757 0
-0.798747209802 -0.450706464934 0
-1 -0.406157921312 4
0.255110472821 -1 1
0.153328780687 -0.896901945418 0
-0.610388372204 -0.545627432498 0
-0.0686407960841 -0.763566236592 0
-0.323774375388 -0.698112525648 0
-0.839737101864 -0.503343581745 0
-1 -0.521685371797 4
0.10898029891 -1 1
-0.0150647960945 -0.877572144957 0
-0.671922575962 -0.637373128251 0
-0.25709719078 -0.826599807587 0
-1 -0.652461641371 4
-0.13359530507 -1 1
-0.549708943753 -0.821290906153 0
-1 -0.812296703251 4
-0.788294863801 -0.906939972829 0
-0.54482993632 -1 1
-1 -1 4

Edges
58
1055 1054 1
1054 1050 1
1050 1045 1
1045 1038 1
1038 1030 1
1030 1017 1
1017 1000 1
1000 975 1
975 941 1
941 904 1
904 864 1
864 817 1
817 760 1
760 698 1
698 658 1
658 579 2
579 496 2
496 423 2
423 360 2
360 289 2
289 222 2
222 160 2
160 112 2
112 73 2
73 35 2
35 11 2
11 6 2
6 3 2
3 1 2
694 756 3
657 694 3
578 657 3
495 578 3
422 495 3
389 422 3
325 389 3
262 325 3
207 262 3
157 207 3
110 157 3
72 110 3
34 72 3
10 34 3
4 10 3
1 4 3
1052 1055 4
1049 1052 4
1044 1049 4
1037 1044 4
1027 1037 4
1014 1027 4
996 1014 4
971 996 4
937 971 4
900 937 4
861 900 4
813 861 4
756 813 4

Triangles
2050
1055 1054 1053 0
1053 1052 1055 0
1051 1053 1054 0
1051 1049 1053 0
1048 1050 1046 0
1040 1047 1042 0
1051 1050 1048 0
1052 1053 1049 0
1054 1050 1051 0
1047 1049 1051 0
1039 1045 1038 0
1030 1031 1038 0
1033 1041 1039 0
1031 1022 1033 0
1038 1031 1039 0
1030 1019 1031 0
961 969 960 0
935 961 923 0
969 986 960 0
987 969 961 0
992 986 969 0
992 1008 986 0
935 966 961 0
1012 1008 992 0
987 1009 992 0
1022 1008 1012 0
1022 1020 1008 0
807 812 845 0
797 807 845 0
797 755 807 0
811 848 856 0
812 811 856 0
812 807 811 0
538 625 579 0
656 698 625 0
577 576 655 0
537 577 625 0
537 494 577 0
721 779 722 0
538 496 446 0
625 538 537 0
577 655 656 0
658 579 625 0
579 496 538 0
625 698 658 0
655 721 656 0
655 673 721 0
625 577 656 0
576 600 655 0
468 494 537 0
517 600 576 0
600 518 598 0
780 779 721 0
742 780 721 0
529 519 507 0
592 529 507 0
612 598 529 0
785 784 837 0
728 664 727 0
838 877 833 0
609 608 525 0
741 682 690 0
795 741 753 0
795 740 741 0
843 794 795 0
677 674 604 0
792 737 740 0
737 784 726 0
677 737 726 0
792 784 737 0
525 523 605 0
609 525 605 0
608 604 525 0
681 677 608 0
609 681 608 0
740 737 681 0
674 601 614 0
918 917 877 0
891 918 881 0
957 917 918 0
722 698 656 0
721 722 656 0
779 760 722 0
833 779 780 0
760 698 722 0
834 817 779 0
359 360 289 0
445 425 359 0
446 360 425 0
834 864 817 0
760 779 817 0
838 785 837 0
834 833 877 0
780 785 833 0
834 878 864 0
916 941 904 0
955 954 975 0
916 955 941 0
916 954 955 0
322 359 289 0
386 321 358 0
467 386 444 0
403 340 339 0
932 965 933 0
895 932 933 0
925 927 962 0
895 925 932 0
895 856 887 0
896 895 933 0
887 888 925 0
842 882 849 0
801 842 849 0
793 841 842 0
880 840 836 0
920 880 919 0
988 1010 990 0
962 988 965 0
932 962 965 0
985 988 962 0
1021 1011 1025 0
985 1006 988 0
985 991 1006 0
968 985 958 0
972 968 938 0
972 991 968 0
1006 1010 988 0
926 927 888 0
882 840 880 0
849 882 888 0
811 806 848 0
752 801 755 0
849 848 801 0
991 998 1011 0
1023 1009 1024 0
1009 987 990 0
1010 1009 990 0
1012 992 1009 0
966 965 988 0
961 966 987 0
935 965 966 0
965 935 934 0
966 967 987 0
919 898 901 0
958 919 938 0
898 859 879 0
880 898 919 0
880 859 898 0
841 840 882 0
842 841 882 0
793 791 841 0
836 859 880 0
790 836 840 0
783 835 836 0
927 926 962 0
932 925 962 0
958 938 968 0
1040 1042 1035 0
1036 1040 1032 0
1029 1036 1032 0
1043 1040 1036 0
1043 1047 1040 0
1041 1033 1034 0
520 528 601 0
527 520 534 0
527 528 520 0
532 527 534 0
611 532 580 0
611 527 532 0
660 611 580 0
603 528 527 0
611 603 527 0
607 680 606 0
615 619 680 0
521 602 531 0
528 521 531 0
603 602 521 0
684 675 611 0
611 675 603 0
738 793 744 0
679 738 678 0
680 679 606 0
687 739 680 0
615 680 607 0
739 679 680 0
739 736 791 0
679 739 738 0
687 736 739 0
619 687 680 0
675 676 602 0
602 676 619 0
603 675 602 0
660 684 611 0
660 725 684 0
790 840 809 0
676 735 736 0
687 676 736 0
675 735 676 0
783 836 790 0
809 840 841 0
791 809 841 0
791 790 809 0
738 791 793 0
736 790 791 0
619 676 687 0
735 783 790 0
736 735 790 0
675 725 735 0
806 811 807 0
801 806 755 0
806 801 848 0
530 524 523 0
615 530 614 0
607 524 530 0
615 602 619 0
530 523 604 0
679 678 606 0
807 755 806 0
606 678 605 0
744 793 752 0
688 744 689 0
688 738 744 0
934 896 933 0
1024 1034 1023 0
1012 1023 1022 0
1041 1046 1039 0
1042 1041 1035 0
1047 1048 1042 0
1044 1047 1043 0
1051 1048 1047 0
1048 1046 1042 0
1046 1045 1039 0
1042 1046 1041 0
1050 1045 1046 0
441 518 517 0
493 439 517 0
440 513 441 0
433 436 442 0
662 661 726 0
664 662 727 0
586 583 662 0
584 661 662 0
498 584 583 0
582 661 584 0
500 582 498 0
601 674 618 0
751 728 785 0
586 508 501 0
742 685 728 0
664 592 586 0
661 674 726 0
583 584 662 0
501 583 586 0
438 501 508 0
426 498 501 0
498 582 584 0
737 677 681 0
662 726 727 0
674 677 726 0
614 604 674 0
614 530 604 0
531 614 601 0
615 607 530 0
531 615 614 0
531 602 615 0
930 963 964 0
850 851 889 0
746 690 689 0
744 745 689 0
747 741 690 0
524 605 523 0
884 845 857 0
889 884 922 0
851 845 884 0
889 851 884 0
802 845 851 0
605 620 621 0
923 896 934 0
928 922 960 0
884 896 923 0
798 845 802 0
746 797 747 0
746 745 797 0
960 963 928 0
922 923 960 0
889 922 928 0
884 923 922 0
923 934 935 0
690 682 621 0
689 690 621 0
746 747 690 0
845 798 797 0
802 803 753 0
891 881 852 0
928 963 930 0
930 957 929 0
929 957 918 0
891 929 918 0
891 890 929 0
989 964 963 0
984 956 957 0
989 984 964 0
989 1005 984 0
986 989 963 0
1005 1004 984 0
1007 1005 989 0
986 1007 989 0
1020 1005 1007 0
983 982 956 0
984 983 956 0
1004 1003 983 0
1019 1004 1005 0
1019 1017 1004 0
833 834 779 0
918 877 881 0
917 916 877 0
446 496 423 0
838 881 877 0
785 838 833 0
837 881 838 0
784 792 837 0
794 740 795 0
843 795 803 0
881 843 852 0
794 792 740 0
837 794 843 0
837 792 794 0
727 726 784 0
525 604 523 0
740 681 682 0
677 604 608 0
802 850 803 0
798 747 797 0
753 798 802 0
753 747 798 0
795 753 803 0
852 843 803 0
740 682 741 0
741 747 753 0
843 881 837 0
850 852 803 0
852 890 891 0
851 850 802 0
850 890 852 0
889 890 850 0
889 928 890 0
609 605 621 0
682 609 621 0
682 681 609 0
930 964 957 0
890 930 929 0
890 928 930 0
878 904 864 0
877 878 834 0
916 904 878 0
877 916 878 0
917 954 916 0
954 917 956 0
975 954 982 0
975 941 955 0
446 423 360 0
445 446 425 0
468 445 387 0
468 537 445 0
537 538 446 0
445 537 446 0
388 468 387 0
494 493 576 0
728 727 784 0
785 728 784 0
612 673 598 0
664 613 592 0
662 664 586 0
592 613 529 0
613 664 685 0
685 664 728 0
685 673 612 0
613 685 612 0
742 721 685 0
751 742 728 0
780 751 785 0
780 742 751 0
721 673 685 0
956 917 957 0
964 984 957 0
982 954 956 0
984 1004 983 0
1000 975 982 0
1000 1003 1017 0
1003 982 983 0
1017 1003 1004 0
1000 982 1003 0
1019 1020 1031 0
1017 1019 1030 0
1005 1020 1019 0
1020 1022 1031 0
986 1008 1007 0
960 986 963 0
960 923 961 0
1031 1033 1039 0
1007 1008 1020 0
987 992 969 0
204 260 259 0
1032 1040 1035 0
1044 1043 1037 0
1044 1049 1047 0
204 259 222 0
155 204 160 0
205 260 204 0
160 112 155 0
190 189 147 0
155 111 159 0
74 73 35 0
789 805 754 0
731 718 776 0
669 731 732 0
669 668 731 0
831 810 789 0
774 775 717 0
820 868 831 0
203 217 205 0
221 258 203 0
159 221 203 0
220 242 288 0
159 220 221 0
155 159 203 0
111 145 158 0
189 242 220 0
221 288 258 0
498 583 501 0
424 498 499 0
601 618 534 0
534 582 500 0
531 601 528 0
618 661 582 0
534 618 582 0
674 661 618 0
388 387 323 0
356 388 324 0
421 468 388 0
356 421 388 0
340 356 324 0
277 339 340 0
261 277 324 0
217 258 276 0
403 480 404 0
404 480 434 0
340 404 356 0
340 403 404 0
493 517 576 0
518 600 517 0
513 518 441 0
598 673 600 0
513 598 518 0
513 519 598 0
514 435 440 0
442 507 519 0
435 442 513 0
440 435 513 0
515 594 510 0
514 515 435 0
437 516 440 0
596 599 514 0
594 511 510 0
502 503 587 0
438 508 431 0
502 426 438 0
585 502 587 0
499 426 502 0
581 499 585 0
532 497 580 0
424 499 497 0
500 424 497 0
500 498 424 0
498 426 499 0
436 507 442 0
503 436 433 0
431 507 436 0
519 529 598 0
442 519 513 0
592 508 586 0
612 529 613 0
507 508 592 0
494 576 577 0
421 494 468 0
421 493 494 0
439 441 517 0
420 439 493 0
437 440 441 0
434 437 439 0
512 596 516 0
600 673 655 0
260 205 261 0
323 260 261 0
204 222 160 0
322 259 260 0
322 289 259 0
359 322 387 0
445 359 387 0
425 360 359 0
289 222 259 0
490 429 412 0
589 505 566 0
589 588 505 0
593 533 509 0
509 432 505 0
199 195 247 0
242 189 190 0
288 242 306 0
358 288 306 0
321 258 288 0
288 221 220 0
147 150 149 0
153 147 149 0
153 190 147 0
243 242 190 0
189 220 158 0
155 203 205 0
204 155 205 0
112 111 155 0
109 145 111 0
38 74 35 0
13 38 35 0
13 37 38 0
113 146 109 0
158 220 159 0
112 73 111 0
223 162 161 0
196 151 194 0
251 196 250 0
212 193 196 0
114 74 77 0
161 113 114 0
162 146 113 0
156 162 206 0
109 111 73 0
74 109 73 0
74 113 109 0
146 145 109 0
149 146 162 0
149 150 146 0
158 159 111 0
150 158 145 0
150 189 158 0
472 405 414 0
559 472 491 0
644 559 573 0
645 560 559 0
559 471 472 0
667 591 645 0
430 469 392 0
471 430 393 0
471 506 430 0
667 590 591 0
471 394 472 0
471 393 394 0
506 471 560 0
506 469 430 0
469 390 392 0
506 590 558 0
469 506 558 0
591 590 506 0
643 558 590 0
638 553 558 0
522 470 469 0
482 463 553 0
569 482 553 0
483 406 482 0
569 483 482 0
635 569 638 0
635 550 569 0
460 377 406 0
331 330 265 0
348 414 349 0
330 329 264 0
342 406 377 0
638 569 553 0
377 378 309 0
313 377 309 0
406 483 460 0
381 406 342 0
463 482 406 0
313 271 249 0
342 313 281 0
351 418 417 0
381 463 406 0
312 381 342 0
417 463 381 0
353 417 381 0
417 470 463 0
309 271 313 0
342 377 313 0
378 310 309 0
550 551 461 0
569 550 483 0
635 634 550 0
378 460 461 0
706 635 638 0
634 551 550 0
706 634 635 0
707 708 636 0
552 624 549 0
310 245 309 0
379 310 378 0
461 379 378 0
380 310 379 0
311 247 246 0
380 311 310 0
376 428 375 0
318 376 308 0
244 255 308 0
311 380 318 0
380 459 376 0
151 195 156 0
206 194 156 0
211 245 192 0
193 211 192 0
193 249 211 0
409 485 407 0
410 409 344 0
410 487 409 0
350 285 343 0
350 348 285 0
408 350 343 0
415 348 350 0
349 285 348 0
349 347 285 0
415 414 348 0
414 347 349 0
341 284 347 0
405 341 347 0
265 218 278 0
341 332 278 0
330 264 265 0
354 416 352 0
327 391 328 0
390 470 391 0
418 351 416 0
470 418 416 0
417 353 351 0
328 264 327 0
351 286 352 0
416 351 352 0
353 286 351 0
352 286 328 0
264 209 265 0
327 390 391 0
329 327 264 0
329 390 327 0
331 392 330 0
330 392 329 0
328 286 266 0
418 470 417 0
284 283 282 0
347 284 285 0
279 275 337 0
278 279 284 0
218 275 279 0
328 266 264 0
312 286 353 0
381 312 353 0
281 248 312 0
312 248 272 0
342 281 312 0
249 193 248 0
313 249 281 0
271 245 211 0
246 247 192 0
249 271 211 0
245 310 246 0
192 245 246 0
271 309 245 0
278 218 279 0
341 278 284 0
332 331 265 0
278 332 265 0
341 394 332 0
626 539 542 0
565 649 566 0
490 413 478 0
505 490 566 0
505 429 490 0
412 346 413 0
274 250 214 0
338 315 361 0
401 338 402 0
401 337 338 0
479 478 402 0
346 337 401 0
215 218 209 0
338 337 273 0
283 284 279 0
337 283 279 0
346 345 283 0
1028 1016 1018 0
153 195 199 0
189 150 147 0
149 156 153 0
153 156 195 0
145 146 150 0
162 156 149 0
194 250 196 0
156 194 151 0
206 214 194 0
214 250 194 0
223 290 274 0
162 223 206 0
224 290 223 0
206 223 214 0
163 164 208 0
161 163 224 0
223 161 224 0
162 113 161 0
115 75 116 0
114 77 115 0
161 114 163 0
113 74 114 0
74 38 77 0
163 114 115 0
11 13 35 0
11 7 13 0
38 37 77 0
115 164 163 0
75 115 77 0
116 165 115 0
116 138 165 0
76 116 75 0
36 76 75 0
76 60 98 0
165 167 225 0
115 165 164 0
138 167 165 0
314 315 250 0
274 314 250 0
223 274 214 0
290 314 274 0
290 361 314 0
224 208 263 0
361 315 314 0
362 361 290 0
362 447 361 0
326 362 290 0
326 364 362 0
226 227 166 0
292 227 226 0
299 365 298 0
291 227 293 0
291 263 225 0
326 291 364 0
225 167 227 0
401 402 478 0
361 402 338 0
565 566 478 0
401 478 413 0
565 567 650 0
566 490 478 0
479 567 565 0
361 447 402 0
539 447 449 0
402 447 479 0
362 364 447 0
273 337 275 0
251 273 213 0
315 338 273 0
449 447 364 0
282 285 284 0
412 345 346 0
411 489 488 0
410 411 488 0
485 409 487 0
344 345 410 0
432 489 411 0
429 432 411 0
429 505 432 0
952 981 980 0
951 950 980 0
915 953 952 0
883 921 915 0
844 883 876 0
892 921 883 0
976 944 943 0
944 942 907 0
906 944 907 0
867 906 907 0
869 908 906 0
943 970 976 0
1016 1013 1018 0
1016 1001 1013 0
1015 1016 1028 0
999 1001 1016 0
998 999 1016 0
973 951 980 0
998 973 999 0
998 974 973 0
995 981 1001 0
999 995 1001 0
980 981 995 0
973 980 999 0
974 939 973 0
951 913 950 0
981 976 1001 0
953 981 952 0
876 883 915 0
959 981 953 0
1013 1002 1018 0
994 1013 1001 0
976 994 1001 0
976 970 994 0
970 977 993 0
994 970 993 0
959 976 981 0
942 944 976 0
993 1002 1013 0
994 993 1013 0
977 1002 993 0
734 710 769 0
786 734 769 0
733 672 734 0
739 791 738 0
759 768 816 0
815 759 816 0
758 697 759 0
624 637 697 0
641 623 696 0
536 444 458 0
536 557 467 0
696 623 624 0
556 568 481 0
641 556 557 0
641 642 556 0
568 480 481 0
462 380 379 0
636 552 551 0
459 380 462 0
549 459 462 0
428 376 459 0
549 504 459 0
552 549 462 0
551 552 462 0
637 624 552 0
624 623 536 0
458 375 428 0
261 324 323 0
875 876 914 0
912 875 914 0
897 874 913 0
829 828 874 0
858 829 874 0
858 816 829 0
902 897 913 0
816 771 829 0
808 772 830 0
828 808 830 0
828 770 808 0
192 247 195 0
151 192 195 0
151 193 192 0
251 212 196 0
248 281 249 0
212 248 193 0
272 286 312 0
272 266 286 0
212 272 248 0
151 196 193 0
251 272 212 0
251 213 272 0
315 251 250 0
213 266 272 0
315 273 251 0
215 209 266 0
273 215 213 0
275 218 215 0
273 275 215 0
337 346 283 0
209 264 266 0
213 215 266 0
218 265 209 0
310 311 246 0
247 254 199 0
461 462 379 0
460 550 461 0
377 460 378 0
483 550 460 0
551 462 461 0
199 190 153 0
255 318 308 0
199 255 244 0
254 318 255 0
311 254 247 0
311 318 254 0
199 244 190 0
323 324 388 0
322 323 387 0
322 260 323 0
203 258 217 0
683 670 733 0
594 599 670 0
597 568 642 0
671 597 672 0
596 512 597 0
597 512 568 0
599 596 671 0
670 599 671 0
594 515 599 0
599 515 514 0
437 441 439 0
403 481 480 0
339 386 403 0
324 277 340 0
321 386 339 0
386 467 403 0
504 428 459 0
536 504 549 0
458 428 504 0
536 458 504 0
624 536 549 0
623 557 536 0
444 375 458 0
706 707 634 0
708 707 759 0
637 708 697 0
707 768 759 0
636 634 707 0
552 636 637 0
551 634 636 0
706 768 707 0
643 706 638 0
558 643 638 0
667 711 643 0
643 711 706 0
642 672 597 0
556 642 568 0
641 710 642 0
557 623 641 0
481 467 556 0
467 444 536 0
556 467 557 0
481 403 467 0
696 710 641 0
636 708 637 0
816 858 863 0
771 816 768 0
711 771 768 0
828 829 771 0
758 710 696 0
697 758 696 0
624 697 696 0
708 759 697 0
710 672 642 0
815 827 769 0
815 863 862 0
759 815 758 0
816 863 815 0
897 902 863 0
858 897 863 0
858 874 897 0
769 827 786 0
758 769 710 0
758 815 769 0
828 875 874 0
730 667 712 0
711 730 770 0
711 667 730 0
706 711 768 0
730 712 770 0
770 772 808 0
771 770 828 0
771 711 770 0
522 469 558 0
553 522 558 0
553 463 470 0
777 778 830 0
748 777 772 0
712 748 772 0
719 777 748 0
719 720 777 0
692 719 748 0
712 692 748 0
570 652 573 0
712 644 692 0
645 559 644 0
591 560 645 0
643 590 667 0
506 560 591 0
692 652 719 0
560 471 559 0
571 485 572 0
830 778 832 0
828 830 875 0
772 777 830 0
712 772 770 0
645 712 667 0
645 644 712 0
832 876 875 0
830 832 875 0
778 796 832 0
720 778 777 0
720 743 778 0
1034 1035 1041 0
1023 1034 1033 0
1022 1023 1033 0
1012 1009 1023 0
1024 1026 1034 0
967 988 990 0
987 967 990 0
966 988 967 0
1026 1035 1034 0
1010 1021 1024 0
1032 1035 1026 0
888 882 920 0
925 888 927 0
882 880 920 0
835 879 859 0
781 835 783 0
781 782 835 0
725 781 783 0
725 723 781 0
729 788 787 0
787 839 835 0
782 787 835 0
788 839 787 0
879 901 898 0
836 835 859 0
839 827 862 0
835 839 879 0
788 827 839 0
724 665 729 0
723 724 782 0
723 659 724 0
782 724 729 0
781 723 782 0
735 725 783 0
660 723 725 0
659 663 724 0
782 729 787 0
610 683 665 0
733 671 672 0
665 683 729 0
670 671 733 0
901 938 919 0
839 862 879 0
786 827 788 0
729 786 788 0
733 734 786 0
862 903 901 0
1021 1006 1011 0
1032 1021 1025 0
1010 1006 1021 0
1009 1010 1024 0
958 920 919 0
962 958 985 0
926 888 920 0
958 926 920 0
958 962 926 0
940 974 972 0
938 940 972 0
903 939 940 0
862 863 902 0
879 862 901 0
827 815 862 0
902 939 903 0
862 902 903 0
939 974 940 0
913 939 902 0
913 951 939 0
1015 998 1016 0
1029 1015 1028 0
1025 1011 1015 0
1026 1024 1021 0
991 972 998 0
1006 991 1011 0
972 974 998 0
985 968 991 0
938 903 940 0
901 903 938 0
950 914 952 0
980 950 952 0
950 913 912 0
1029 1037 1036 0
534 520 601 0
500 532 534 0
500 497 532 0
610 526 595 0
524 606 605 0
620 678 688 0
689 620 688 0
689 621 620 0
857 845 812 0
620 605 678 0
801 793 842 0
745 752 755 0
797 745 755 0
746 689 745 0
745 744 752 0
678 738 688 0
524 607 606 0
521 528 603 0
752 793 801 0
684 725 675 0
659 660 580 0
659 723 660 0
404 420 356 0
512 480 568 0
420 421 356 0
434 420 404 0
493 421 420 0
663 665 724 0
585 663 659 0
587 665 663 0
610 670 683 0
587 526 610 0
526 503 511 0
665 587 610 0
587 503 526 0
434 439 420 0
512 434 480 0
512 437 434 0
597 671 596 0
438 427 502 0
501 438 426 0
427 503 502 0
431 427 438 0
431 436 427 0
507 431 508 0
436 503 427 0
510 511 433 0
435 510 442 0
435 515 510 0
511 503 433 0
442 510 433 0
594 595 511 0
516 596 514 0
440 516 514 0
437 512 516 0
511 595 526 0
670 595 594 0
670 610 595 0
581 497 499 0
659 581 585 0
580 497 581 0
585 499 502 0
663 585 587 0
659 580 581 0
276 277 217 0
276 339 277 0
321 276 258 0
321 339 276 0
261 205 217 0
733 786 729 0
683 733 729 0
672 710 734 0
857 896 884 0
856 857 812 0
856 896 857 0
887 856 848 0
849 887 848 0
925 895 887 0
895 896 856 0
849 888 887 0
965 934 933 0
217 277 261 0
243 307 306 0
243 308 307 0
242 243 306 0
244 308 243 0
243 190 244 0
199 254 255 0
318 380 376 0
358 444 386 0
288 358 321 0
375 444 358 0
306 375 358 0
307 376 375 0
306 307 375 0
308 376 307 0
1025 1015 1029 0
1032 1025 1029 0
1011 998 1015 0
939 951 973 0
914 915 952 0
912 914 950 0
874 912 913 0
874 875 912 0
876 915 914 0
844 876 832 0
743 754 796 0
686 743 720 0
732 754 743 0
853 892 883 0
804 853 844 0
854 893 853 0
921 931 959 0
915 921 953 0
892 931 921 0
844 853 883 0
959 942 976 0
921 959 953 0
931 942 959 0
893 931 892 0
894 905 931 0
893 894 931 0
893 855 894 0
776 717 775 0
732 731 789 0
509 489 432 0
588 509 505 0
588 593 509 0
668 593 666 0
668 669 593 0
731 668 718 0
691 669 732 0
691 686 669 0
743 691 732 0
743 686 691 0
616 533 593 0
654 617 686 0
654 575 617 0
686 617 616 0
533 489 509 0
617 575 533 0
719 654 720 0
652 692 644 0
644 573 652 0
570 653 652 0
486 570 573 0
653 719 652 0
571 653 570 0
654 719 653 0
408 484 486 0
344 407 343 0
345 344 282 0
345 411 410 0
485 484 407 0
344 409 407 0
487 572 485 0
574 488 575 0
533 575 489 0
654 653 575 0
571 570 484 0
485 571 484 0
572 653 571 0
574 572 487 0
488 574 487 0
410 488 487 0
575 488 489 0
575 653 574 0
574 653 572 0
341 405 394 0
408 415 350 0
570 486 484 0
573 491 486 0
486 491 415 0
405 347 414 0
394 393 331 0
332 394 331 0
405 472 394 0
491 472 414 0
415 491 414 0
573 559 491 0
354 391 416 0
328 354 352 0
328 391 354 0
392 390 329 0
393 392 331 0
393 430 392 0
470 416 391 0
469 470 390 0
522 553 470 0
343 285 282 0
344 343 282 0
408 486 415 0
407 408 343 0
407 484 408 0
905 942 931 0
855 831 868 0
894 855 868 0
810 831 855 0
854 810 855 0
854 805 810 0
810 805 789 0
892 853 893 0
804 754 805 0
853 804 854 0
844 796 804 0
776 718 717 0
789 776 831 0
789 731 776 0
754 732 789 0
854 804 805 0
796 778 743 0
804 796 754 0
844 832 796 0
666 593 588 0
589 666 588 0
651 589 566 0
651 666 589 0
718 668 666 0
720 654 686 0
616 669 686 0
533 616 617 0
593 669 616 0
666 651 718 0
412 413 490 0
411 412 429 0
411 345 412 0
282 283 345 0
346 401 413 0
651 717 718 0
649 651 566 0
715 717 651 0
649 715 651 0
565 478 479 0
565 650 649 0
649 650 715 0
868 865 905 0
854 855 893 0
820 865 868 0
775 820 831 0
776 775 831 0
774 820 775 0
715 774 717 0
762 761 818 0
774 762 820 0
716 699 762 0
715 716 774 0
650 626 699 0
819 761 763 0
774 716 762 0
540 627 541 0
761 699 700 0
567 539 626 0
12 8 14 0
12 7 8 0
75 37 36 0
13 7 12 0
11 6 7 0
819 821 866 0
818 819 865 0
762 818 820 0
761 819 818 0
761 700 763 0
700 699 627 0
544 452 454 0
363 448 449 0
364 363 449 0
291 293 363 0
363 293 365 0
628 701 700 0
628 627 540 0
700 627 628 0
626 541 627 0
544 629 628 0
540 544 628 0
540 452 544 0
448 540 541 0
454 545 544 0
452 369 371 0
448 452 540 0
448 369 452 0
564 492 476 0
371 453 454 0
452 371 454 0
301 370 371 0
371 370 453 0
369 301 371 0
449 448 541 0
298 365 292 0
448 365 369 0
448 363 365 0
765 766 824 0
822 765 823 0
702 703 765 0
299 298 236 0
369 299 301 0
369 365 299 0
130 129 89 0
90 130 89 0
179 129 130 0
236 179 180 0
178 177 129 0
236 178 179 0
236 235 178 0
234 184 176 0
177 234 176 0
292 293 227 0
234 292 226 0
292 365 293 0
301 299 238 0
226 168 184 0
298 292 234 0
227 167 166 0
168 120 137 0
905 907 942 0
868 905 894 0
867 907 905 0
865 867 905 0
818 865 820 0
819 867 865 0
866 869 906 0
763 821 819 0
701 763 700 0
701 764 763 0
701 628 629 0
650 716 715 0
626 650 567 0
699 716 650 0
627 699 626 0
761 762 699 0
764 822 821 0
763 764 821 0
398 419 453 0
370 398 453 0
370 335 398 0
300 370 301 0
335 355 398 0
270 335 300 0
268 270 300 0
210 269 270 0
355 399 419 0
336 355 335 0
336 399 355 0
701 702 764 0
268 300 237 0
202 216 237 0
210 270 268 0
630 703 629 0
492 564 545 0
564 563 648 0
545 564 630 0
476 563 564 0
647 648 563 0
704 703 630 0
714 704 648 0
766 765 704 0
300 238 237 0
370 300 335 0
301 238 300 0
56 89 92 0
90 52 91 0
89 129 92 0
562 646 647 0
104 128 88 0
71 104 88 0
71 103 104 0
70 53 62 0
103 129 140 0
53 92 71 0
62 53 71 0
53 55 23 0
140 176 128 0
103 140 104 0
92 103 71 0
92 129 103 0
129 177 140 0
822 764 765 0
870 822 823 0
870 869 822 0
909 870 871 0
910 908 870 0
909 910 870 0
872 909 871 0
947 948 910 0
911 946 909 0
946 978 947 0
979 948 947 0
977 970 945 0
1002 977 979 0
1018 1002 1014 0
1027 1018 1014 0
1027 1028 1018 0
1036 1037 1043 0
1026 1021 1032 0
1028 1037 1029 0
980 995 999 0
1027 1037 1028 0
945 910 948 0
977 945 948 0
943 906 908 0
970 943 945 0
944 906 943 0
869 821 822 0
908 869 870 0
945 908 910 0
945 943 908 0
866 867 819 0
869 866 821 0
906 867 866 0
68 40 78 0
60 68 98 0
32 40 68 0
21 32 26 0
33 21 26 0
15 33 16 0
41 48 33 0
17 31 40 0
48 30 21 0
48 67 30 0
19 25 42 0
31 19 43 0
31 44 19 0
97 96 137 0
64 58 97 0
47 64 80 0
28 58 64 0
57 65 96 0
97 57 96 0
58 24 57 0
80 64 97 0
28 59 58 0
68 78 98 0
117 167 138 0
168 166 118 0
168 226 166 0
120 168 118 0
184 234 226 0
290 224 263 0
163 208 224 0
164 225 208 0
363 364 291 0
539 567 479 0
447 539 479 0
542 541 626 0
449 542 539 0
449 541 542 0
398 355 419 0
270 269 335 0
237 216 268 0
256 319 267 0
210 216 267 0
200 201 257 0
202 200 256 0
202 154 200 0
267 319 334 0
396 333 334 0
216 202 256 0
267 216 256 0
210 268 216 0
154 201 200 0
141 152 144 0
197 252 201 0
154 197 201 0
198 252 197 0
141 187 152 0
187 239 198 0
333 267 334 0
767 826 773 0
131 90 108 0
947 910 909 0
181 202 237 0
179 131 180 0
144 154 181 0
106 132 91 0
181 237 180 0
154 202 181 0
152 154 144 0
152 197 154 0
200 257 256 0
236 238 299 0
235 236 298 0
180 238 236 0
131 181 180 0
130 131 179 0
130 90 131 0
237 238 180 0
91 105 90 0
399 475 476 0
562 563 475 0
562 647 563 0
400 477 475 0
477 473 561 0
825 872 824 0
773 825 766 0
773 826 825 0
629 702 701 0
545 630 629 0
453 545 454 0
492 419 476 0
453 492 545 0
453 419 492 0
703 702 629 0
544 545 629 0
630 564 648 0
704 630 648 0
419 399 476 0
475 563 476 0
713 709 767 0
647 713 714 0
647 646 713 0
140 128 104 0
177 176 140 0
179 178 129 0
235 234 177 0
178 235 177 0
298 234 235 0
184 136 176 0
78 40 43 0
117 78 118 0
68 60 32 0
98 117 138 0
138 116 98 0
326 290 263 0
225 263 208 0
165 225 164 0
227 291 225 0
291 326 263 0
26 16 33 0
60 26 32 0
26 39 16 0
60 39 26 0
60 76 39 0
98 116 76 0
14 8 9 0
76 36 39 0
37 13 12 0
36 37 12 0
75 77 37 0
5 4 10 0
8 5 9 0
6 3 5 0
41 72 79 0
48 41 79 0
48 21 33 0
85 79 119 0
30 32 21 0
18 15 34 0
997 1002 979 0
18 33 15 0
41 18 34 0
41 33 18 0
757 695 694 0
799 749 800 0
846 799 800 0
826 767 799 0
799 767 750 0
873 826 846 0
873 825 826 0
924 936 949 0
885 924 911 0
886 899 924 0
704 765 703 0
714 766 704 0
647 714 648 0
773 766 714 0
765 764 702 0
824 823 765 0
871 870 823 0
709 705 767 0
546 455 457 0
157 119 110 0
1002 997 1014 0
948 979 977 0
997 996 1014 0
978 997 979 0
978 971 997 0
947 978 979 0
949 971 978 0
946 949 978 0
909 946 947 0
911 949 946 0
936 971 949 0
79 72 110 0
443 389 422 0
124 119 169 0
79 110 119 0
207 219 157 0
219 207 262 0
262 325 287 0
847 800 814 0
847 886 885 0
861 860 813 0
861 900 860 0
622 657 694 0
873 885 911 0
825 873 872 0
846 885 873 0
799 846 826 0
800 847 846 0
757 800 749 0
814 813 860 0
757 814 800 0
757 756 814 0
535 495 578 0
535 443 495 0
543 535 622 0
543 450 535 0
451 368 443 0
535 451 443 0
535 450 451 0
296 232 297 0
451 450 367 0
631 546 622 0
451 367 368 0
457 450 543 0
457 374 450 0
305 295 366 0
367 296 368 0
366 367 450 0
366 295 367 0
174 183 133 0
134 174 133 0
93 134 133 0
99 125 134 0
107 125 86 0
87 107 86 0
143 125 107 0
143 173 125 0
173 231 174 0
125 173 174 0
143 188 173 0
173 230 231 0
139 142 106 0
135 139 102 0
183 186 139 0
139 186 185 0
231 183 174 0
231 186 183 0
231 241 186 0
175 188 143 0
230 296 295 0
231 230 295 0
188 232 230 0
173 188 230 0
175 232 188 0
305 304 241 0
241 304 240 0
87 86 49 0
45 84 83 0
126 143 107 0
87 126 107 0
127 148 126 0
123 127 87 0
83 123 87 0
122 172 123 0
148 175 126 0
191 148 172 0
233 191 228 0
233 175 191 0
175 143 126 0
191 175 148 0
368 296 297 0
296 230 232 0
295 305 241 0
231 295 241 0
296 367 295 0
814 756 813 0
695 757 749 0
693 695 749 0
750 693 749 0
633 548 632 0
622 694 695 0
694 756 757 0
622 578 657 0
535 578 622 0
69 91 52 0
93 94 54 0
132 142 182 0
108 105 141 0
144 108 141 0
144 131 108 0
106 142 132 0
102 106 91 0
102 139 106 0
94 102 69 0
54 94 69 0
133 135 94 0
135 183 139 0
94 135 102 0
133 183 135 0
185 142 139 0
240 185 186 0
241 240 186 0
302 239 240 0
182 239 187 0
240 182 185 0
240 239 182 0
257 316 320 0
185 182 142 0
385 456 466 0
464 384 385 0
382 456 385 0
316 382 320 0
317 303 373 0
316 317 382 0
383 319 320 0
253 317 316 0
239 280 253 0
239 303 280 0
198 239 253 0
302 303 239 0
456 455 548 0
302 372 303 0
304 305 372 0
302 304 372 0
302 240 304 0
366 374 305 0
373 455 456 0
382 373 456 0
372 455 373 0
305 374 372 0
632 695 693 0
546 631 547 0
455 546 547 0
457 543 546 0
374 457 455 0
372 374 455 0
366 450 374 0
543 622 546 0
622 695 631 0
464 554 474 0
320 384 383 0
639 709 646 0
554 639 561 0
464 385 465 0
383 384 464 0
320 382 385 0
280 317 253 0
465 554 464 0
465 555 554 0
640 633 705 0
639 640 705 0
555 633 640 0
554 555 640 0
465 466 555 0
554 640 639 0
547 632 548 0
455 547 548 0
632 693 633 0
631 632 547 0
631 695 632 0
693 705 633 0
750 767 705 0
693 750 705 0
749 799 750 0
131 144 181 0
52 90 89 0
105 108 90 0
132 105 91 0
132 141 105 0
182 141 132 0
187 198 152 0
253 252 198 0
334 383 397 0
252 316 257 0
400 475 399 0
397 474 396 0
554 561 473 0
474 473 395 0
383 464 397 0
477 562 475 0
474 554 473 0
561 562 477 0
561 646 562 0
397 464 474 0
639 646 561 0
709 713 646 0
824 872 871 0
823 824 871 0
766 825 824 0
713 773 714 0
713 767 773 0
639 705 709 0
320 385 384 0
317 373 382 0
280 303 317 0
372 373 303 0
466 465 385 0
548 466 456 0
548 555 466 0
548 633 555 0
924 885 886 0
949 911 924 0
872 873 911 0
847 885 846 0
860 847 814 0
860 886 847 0
900 899 860 0
900 937 899 0
936 937 971 0
899 886 860 0
936 899 937 0
936 924 899 0
996 997 971 0
909 872 911 0
198 197 152 0
141 182 187 0
253 316 252 0
257 319 256 0
252 257 201 0
320 319 257 0
333 396 395 0
336 333 395 0
269 267 333 0
335 269 336 0
210 267 269 0
319 383 334 0
400 399 336 0
395 400 336 0
269 333 336 0
396 474 395 0
397 396 334 0
473 400 395 0
473 477 400 0
24 58 59 0
184 137 136 0
120 80 97 0
81 120 118 0
78 81 118 0
42 25 47 0
78 43 81 0
31 66 44 0
40 31 43 0
17 32 30 0
31 17 30 0
40 32 17 0
47 25 20 0
64 47 28 0
80 81 42 0
81 80 120 0
42 43 19 0
80 42 47 0
81 43 42 0
98 78 117 0
166 117 118 0
166 167 117 0
31 30 66 0
55 95 93 0
23 55 54 0
70 95 55 0
55 53 70 0
52 23 54 0
56 92 53 0
52 56 23 0
52 89 56 0
63 27 61 0
62 63 70 0
62 27 63 0
96 65 88 0
50 29 22 0
45 46 84 0
54 69 52 0
56 53 23 0
93 133 94 0
55 93 54 0
95 100 134 0
63 61 100 0
50 27 62 0
88 50 62 0
29 24 51 0
65 29 50 0
65 57 29 0
49 86 61 0
22 49 27 0
51 87 49 0
87 51 83 0
100 95 70 0
63 100 70 0
61 99 100 0
49 61 27 0
95 134 93 0
86 99 61 0
86 125 99 0
69 102 91 0
100 99 134 0
134 125 174 0
297 357 368 0
233 297 232 0
175 233 232 0
228 294 233 0
294 287 357 0
233 294 297 0
228 169 229 0
84 46 82 0
122 84 82 0
123 83 84 0
122 123 84 0
59 45 83 0
28 20 45 0
20 25 46 0
45 20 46 0
28 47 20 0
85 48 79 0
124 85 119 0
101 82 66 0
124 101 85 0
124 121 101 0
19 44 25 0
67 66 30 0
85 67 48 0
85 101 67 0
82 44 66 0
121 82 101 0
171 121 124 0
122 82 121 0
172 122 171 0
228 172 171 0
148 127 172 0
172 127 123 0
46 44 82 0
101 66 67 0
171 122 121 0
169 171 124 0
228 191 172 0
46 25 44 0
87 127 126 0
24 59 51 0
51 59 83 0
22 29 51 0
49 22 51 0
27 50 22 0
29 57 24 0
88 65 50 0
71 88 62 0
128 96 88 0
57 97 58 0
28 45 59 0
137 120 97 0
136 137 96 0
128 136 96 0
128 176 136 0
184 168 137 0
229 219 287 0
228 229 294 0
169 219 229 0
171 169 228 0
119 170 169 0
357 287 325 0
368 357 443 0
297 294 357 0
443 422 495 0
443 357 389 0
287 219 262 0
294 229 287 0
170 157 219 0
169 170 219 0
119 157 170 0
389 357 325 0
1 4 2 0
2 3 1 0
5 2 4 0
5 3 2 0
5 10 9 0
5 8 6 0
15 9 10 0
15 16 9 0
41 34 72 0
14 9 16 0
16 39 14 0
36 12 14 0
39 36 14 0
7 6 8 0
10 34 15 0

SubDomainFromMesh
1
3 1 1 0

SubDomainFromGeom
1
2 1 1 0

VertexOnGeometricVertex
58
 1 1
 3 2
 4 3
 6 4
 10 5
 11 6
 34 7
 35 8
 72 9
 73 10
 110 11
 112 12
 157 13
 160 14
 207 15
 222 16
 262 17
 289 18
 325 19
 360 20
 389 21
 422 22
 423 23
 495 24
 496 25
 578 26
 579 27
 657 28
 658 29
 694 30
 698 31
 756 32
 760 33
 813 34
 817 35
 861 36
 864 37
 900 38
 904 39
 937 40
 941 41
 971 42
 975 43
 996 44
 1000 45
 1014 46
 1017 47
 1027 48
 1030 49
 1037 50
 1038 51
 1044 52
 1045 53
 1049 54
 1050 55
 1052 56
 1054 57
 1055 58

VertexOnGeometricEdge
0

EdgeOnGeometricEdge
58
1 1
2 2
3 3
4 4
5 5
6 6
7 7
8 8
9 9
10 10
11 11
12 12
13 13
14 14
15 15
16 16
17 17
18 18
19 19
20 20
21 21
22 22
23 23
24 24
25 25
26 26
27 27
28 28
29 29
30 30
31 31
32 32
33 33
34 34
35 35
36 36
37 37
38 38
39 39
40 40
41 41
42 42
43 43
44 44
45 45
46 46
47 47
48 48
49 49
50 50
51 51
52 52
53 53
54 54
55 55
56 56
57 57
58 58

End
