MeshVersionFormatted 0

Dimension
2

Identifier
";7, Date: 09/09/08 13:57 28s"

Geometry
"meshP1H1.txt.gmsh"

Vertices
306
0.35393107486 -1 1
0.196099492778 -1 1
0.283363614894 -0.799509326753 0
0.45226286369 -1 1
0.311373295286 -0.843445976013 0
0.295995390223 -0.902856102328 0
0.41318089465 -0.948070868053 0
-1 -1 4
-0.457278670567 -1 1
-0.709417569777 -0.828102041915 0
-0.05896893607 -1 1
0.0719339623544 -0.857307389052 0
0.0974177294813 -0.779617928191 0
0.0655888076115 -0.722318856648 0
-0.235571096657 -0.614280035092 0
0.0114126930212 -0.677435529641 0
-0.0572225923177 -0.637296712998 0
-0.160088643307 -0.586467978137 0
-0.0533706966996 -0.62365083911 0
0.152264649942 -0.715539152672 0
0.0466919042116 -0.65647027533 0
0.302936870771 -0.790767888469 0
0.536713368495 -1 1
0.448525613533 -0.87487719354 0
0.446436070526 -0.921658854281 0
0.387243334214 -0.813062437635 0
-0.198022667765 -0.778281433423 0
-1 -0.707304204161 4
-0.51284287968 -0.745443086135 0
-0.295990244389 -0.643824125842 0
-0.339658664813 -0.544369301952 0
-0.567157394796 -0.48696792008 0
-0.378118384915 -0.51026339899 0
-0.392455018647 -0.493195081786 0
-0.213772718681 -0.548236183682 0
-0.34289359151 -0.504226092938 0
0.275863825113 -0.754653976602 0
-0.0171295752017 -0.617977738375 0
0.235169632526 -0.724025507551 0
0.633266213426 -1 1
0.523849482612 -0.886964838761 0
0.556987389305 -0.939680137416 0
0.475509336992 -0.84030308225 0
-0.592431194014 -0.593416181315 0
-1 -0.51122383574 4
-0.744286938285 -0.486103591174 0
-0.780068397833 -0.415083038772 0
-0.625018225567 -0.423443471623 0
-0.687216214472 -0.368766026795 0
-0.274008027699 -0.507594061196 0
-0.072414548018 -0.584229800625 0
-0.549962105629 -0.418696322462 0
-0.3761651057 -0.469873649412 0
-0.438926650039 -0.454449725356 0
0.385714269728 -0.78426629037 0
0.21267016135 -0.701168553739 0
0.000507229843893 -0.60771366603 0
-0.132676413249 -0.548106985706 0
0.640234700761 -0.918962162574 0
0.741111771951 -1 1
0.566191295107 -0.858445959159 0
-1 -0.382560478711 4
-0.802039913478 -0.366964946421 0
-0.780335508149 -0.324615599154 0
-0.70213795041 -0.330540961189 0
-0.618234497515 -0.36215696586 0
-0.330067007265 -0.472366525009 0
-0.506285101181 -0.407079362846 0
-0.292602944431 -0.474491605372 0
0.385413139215 -0.763680762551 0
0.179692846626 -0.672740928348 0
-0.0195892125803 -0.583447068928 0
0.85591970311 -1 1
0.628163239256 -0.855425026285 0
-1 -0.231294747183 4
-0.853029083708 -0.294376963025 0
-0.715311345241 -0.284802352572 0
-0.636205929921 -0.317745197279 0
-0.565728533277 -0.352927135982 0
-0.457204236965 -0.404341715141 0
-0.222980998188 -0.489737889089 0
-0.379719858526 -0.417994189584 0
0.262088833429 -0.686073759908 0
-0.0596322948215 -0.547201301742 0
1 -1 2
0.521855814859 -0.761504521553 0
-0.80639454714 -0.189542179271 0
-1 -0.0614955674096 4
-0.700409386355 -0.221127315468 0
-0.643058710573 -0.248287738242 0
-0.614807584908 -0.277770925152 0
-0.549044388523 -0.224341262411 0
-0.562382358398 -0.308241006871 0
-0.498885339243 -0.353315670709 0
-0.414503561548 -0.368001314714 0
-0.266192014505 -0.43891540295 0
0.0357380412775 -0.552572087247 0
1 -0.89787193874 2
0.366503653573 -0.639768926674 0
-1 0.229196414254 4
-0.671153330549 -0.110724938922 0
-0.617227959271 0.0449666007263 0
-0.563676557917 -0.147399860525 0
-0.562929692394 -0.192953905803 0
-0.395268755713 -0.150731300121 0
-0.440931413725 -0.157311891879 0
-0.466120220697 -0.196246540804 0
-0.384934388913 -0.163068325512 0
-0.287066772922 -0.116660531849 0
-0.14833209577 -0.0544315424387 0
-0.285073235514 -0.106869156066 0
-0.517649276655 -0.248502141942 0
-0.512301676835 -0.282904253504 0
-0.464807860246 -0.309481407017 0
-0.358468661111 -0.342411631834 0
-0.226676804683 -0.41003331488 0
-0.0354845736767 -0.460716987223 0
0.578038312712 -0.633013425345 0
1 -0.732341087313 2
0.180221520162 -0.474087011446 0
-0.323011853549 -0.297168600456 0
-0.652312272038 0.30711997015 0
-0.395191390596 0.212073796789 0
-1 0.535040711079 4
-0.403552236763 -0.0280191750523 0
-0.236805015212 0.13138018613 0
-0.392966002356 -0.101009477683 0
-0.247408361437 -0.0805539338176 0
-0.239730466093 -0.062495381284 0
-0.4004876004 -0.191142473473 0
-0.271117788826 -0.121874899021 0
-0.0725570864753 -0.0337471350406 0
0.0820256588058 0.0373256343423 0
-0.0557844932742 -0.00851966903285 0
-0.433659798954 -0.244921307228 0
-0.363920901251 -0.260669200798 0
1 -0.466889473688 2
-0.210704322768 -0.331971616793 0
-0.0711385940174 -0.35591834865 0
0.482088558429 -0.430096318909 0
0.111319448623 -0.333642442972 0
-0.218690927663 -0.243395559607 0
-0.46659424773 0.434548578862 0
-0.170542044572 0.0210038346079 0
-0.139985619064 0.314963562065 0
-1 0.763787004854 4
-0.621970471413 0.632752203439 0
-0.037346651683 0.131109690711 0
0.057617957462 0.263963925121 0
-0.082032479934 0.0247034721124 0
-0.0106835610737 0.0213158565592 0
0.0549691612869 0.0628821253105 0
-0.337285161827 -0.182261720162 0
-0.236010799737 -0.123173600434 0
-0.138133855287 -0.0714386552516 0
0.0720490425318 0.0165369424249 0
0.228180865605 0.0888639252353 0
0.20924225595 0.0946340909596 0
0.201845386192 0.101425979017 0
-0.291057289771 -0.188039553883 0
-0.18842517506 -0.17383977913 0
1 -0.136107237258 2
0.627435031738 -0.223185528486 0
-0.0327659896384 -0.241348517118 0
0.273370947956 -0.222800698414 0
-0.0120098591188 -0.142319778205 0
-0.229028735348 0.479705837005 0
0.132360378285 0.147173494378 0
0.0250502831 0.39822064429 0
-0.279632095171 0.596252544607 0
-1 0.867485726547 4
-0.72936985627 0.806382942867 0
0.212062909385 0.241171102825 0
0.216491638622 0.338319312344 0
0.240019638947 0.158771961106 0
0.279810015429 0.151342638461 0
0.380663127587 0.180388266411 0
-0.1745424774 -0.117396231149 0
-0.0640624372428 -0.0591402332601 0
0.260415690209 0.0891456533486 0
0.00991699413586 -0.0182193615052 0
0.389107710586 0.153096533162 0
0.375057872032 0.161415084449 0
0.474812869703 0.211956811258 0
0.0574989496718 -0.0645579646542 0
-0.0532244875459 -0.0846505733449 0
1 0.0971587914554 2
0.319427145099 0.0187310575023 0
0.57590723259 -0.0280727508341 0
0.234211732764 -0.095839331383 0
0.32901145887 0.235384805623 0
0.102624898864 0.454412173253 0
-0.101734436882 0.582917257918 0
-0.533725326868 0.772060197801 0
-1 1 4
0.346871174024 0.309337482413 0
0.303890084091 0.386884326901 0
0.419874763769 0.2390396474 0
0.490345138821 0.24166165747 0
0.461284370971 0.170467648582 0
0.164484047901 0.0226575518821 0
0.238976723746 0.067204982664 0
0.531098386669 0.216394209036 0
0.582108968931 0.257722064435 0
0.464672661839 0.141943302483 0
0.310532011982 0.0616090219594 0
0.5969256121 0.158079775261 0
1 0.23186547004 2
0.607804886827 0.100493866035 0
0.428431286862 0.290476982549 0
0.174051536747 0.479629051576 0
-0.330118630427 0.711835274595 0
-0.00824197280882 0.583251273422 0
0.361539910984 0.408915400884 0
-0.581163111644 0.838609178511 0
-0.885622989225 1 3
0.438661019382 0.348573123849 0
0.500104525464 0.310151825348 0
0.548058535928 0.296106911048 0
0.634843587125 0.301392973695 0
0.651566200063 0.251982487189 0
0.546781662891 0.191028047705 0
0.685520993368 0.285100200888 0
0.677045381456 0.224868458421 0
0.828023039825 0.270610032141 0
1 0.307487645257 2
0.247220229005 0.475879518871 0
-0.285394701753 0.716220860792 0
0.159939907819 0.529897906814 0
-0.0413422907726 0.617957532951 0
0.334446836496 0.455380188945 0
-0.626934947721 0.890906471821 0
0.455388186037 0.393347342673 0
-0.411345876661 0.791062186798 0
-0.760357587742 1 3
0.540210179098 0.35200774334 0
0.62670318424 0.340636802817 0
0.70257461568 0.341056905173 0
0.747732535227 0.322676610351 0
0.797162666962 0.301012193759 0
1 0.355731233854 2
-0.153196548687 0.676464007802 0
0.160194949977 0.545143616832 0
0.376028727495 0.456254927041 0
-0.547062379049 0.877925684391 0
-0.251485207547 0.732605387567 0
0.49928353261 0.410502034035 0
-0.346282081945 0.785546712255 0
-0.651075870867 1 3
-0.556362017452 0.922943615483 0
0.602566644647 0.381240133057 0
0.687795984465 0.375198658593 0
0.770189256764 0.370225536937 0
0.856178392846 0.367350036007 0
1 0.407063823976 2
-0.00794632990341 0.630275096601 0
0.214404271316 0.540589928551 0
0.378346327144 0.475527981741 0
-0.426075196785 0.839670356205 0
-0.0353026214257 0.656847438854 0
0.526555889235 0.425106165077 0
0.413284861656 0.474765286266 0
-0.172313373465 0.725831200216 0
-0.545091295935 1 3
-0.492461291661 0.936054055846 0
-0.418216676363 0.869200434012 0
0.633206568085 0.412984459408 0
0.560074184564 0.431052242686 0
0.729645886071 0.421917687048 0
0.846685525552 0.42795704531 0
1 0.471283331208 2
0.219899573911 0.553548153363 0
-0.265577693151 0.778813842745 0
0.634623177902 0.445064395069 0
0.103835779119 0.612267892081 0
0.3005544036 0.528307598033 0
0.449018312964 0.480128271553 0
0.0237929757585 0.660137381506 0
-0.232718144353 0.784222536303 0
-0.454244116503 1 3
-0.406138250105 0.929411835429 0
-0.338688088508 0.865316453739 0
0.50007555976 0.49330470848 0
0.61850988819 0.501212761303 0
0.782732177868 0.502326792134 0
1 0.568539214316 2
0.298685522558 0.558036000726 0
0.29229971994 0.54181184588 0
0.287902215114 0.593909809436 0
-0.178325583449 0.796745349241 0
0.0327092962644 0.682490216831 0
-0.345092275421 1 3
-0.238940231553 0.888620720731 0
0.352341653402 0.621339966283 0
0.575364057638 0.59561144661 0
0.757696528578 0.620415621543 0
1 0.729588871147 2
0.0314684145864 0.736042630736 0
-0.182029828783 1 3
0.262100372281 0.754141620525 0
-0.00429464496013 0.839779862727 0
0.446070540813 0.777221025158 0
1 1 3
0.73473311184 0.788410107246 0
0.0791762631384 1 3
0.481321786258 1 3

Edges
43
8 9 1
9 11 1
11 2 1
2 1 1
1 4 1
4 23 1
23 40 1
40 60 1
60 73 1
73 85 1
85 98 2
98 119 2
119 137 2
137 162 2
162 187 2
187 208 2
208 226 2
226 241 2
241 255 2
255 271 2
271 286 2
286 297 2
297 303 2
216 195 3
235 216 3
249 235 3
264 249 3
280 264 3
292 280 3
299 292 3
305 299 3
306 305 3
303 306 3
28 8 4
45 28 4
62 45 4
75 62 4
88 75 4
100 88 4
124 100 4
146 124 4
171 146 4
195 171 4

Triangles
567
10 8 9 0
86 98 99 0
57 56 71 0
72 58 71 0
83 72 71 0
81 69 72 0
67 50 51 0
85 98 86 0
26 37 20 0
37 21 19 0
70 71 56 0
61 70 55 0
43 61 55 0
73 85 74 0
74 83 70 0
56 38 39 0
55 56 39 0
37 55 39 0
21 37 39 0
26 43 37 0
74 85 86 0
61 74 70 0
61 73 74 0
115 96 116 0
94 95 114 0
94 82 95 0
67 69 80 0
81 96 82 0
72 84 81 0
72 83 84 0
55 70 56 0
83 97 84 0
70 83 71 0
86 97 83 0
38 50 35 0
39 38 21 0
56 57 51 0
22 17 16 0
22 20 17 0
43 26 41 0
59 43 41 0
55 37 43 0
37 19 20 0
19 18 20 0
74 86 83 0
19 36 18 0
21 35 19 0
50 53 35 0
21 38 35 0
53 54 35 0
51 57 67 0
38 51 50 0
38 56 51 0
80 82 94 0
67 80 68 0
81 84 96 0
69 81 82 0
80 69 82 0
67 57 58 0
58 57 71 0
69 58 72 0
69 67 58 0
50 67 53 0
94 93 79 0
80 94 79 0
82 96 95 0
99 117 97 0
119 118 98 0
140 137 163 0
165 140 163 0
118 119 140 0
120 118 140 0
120 99 118 0
99 120 117 0
119 137 140 0
3 22 16 0
187 189 163 0
42 24 25 0
23 42 25 0
40 60 42 0
7 25 6 0
1 7 6 0
1 4 7 0
25 7 4 0
6 13 12 0
23 25 4 0
41 42 60 0
6 25 5 0
23 40 42 0
12 11 2 0
30 27 12 0
31 32 15 0
46 44 30 0
29 11 27 0
16 17 33 0
5 3 14 0
6 5 13 0
3 16 14 0
24 3 5 0
25 24 5 0
42 41 24 0
43 59 61 0
22 41 26 0
20 22 26 0
3 24 22 0
59 73 61 0
60 59 41 0
60 73 59 0
22 24 41 0
29 45 28 0
44 27 30 0
45 44 46 0
29 27 44 0
10 29 28 0
8 10 28 0
9 29 10 0
9 11 29 0
34 18 36 0
16 33 31 0
36 19 35 0
20 18 17 0
78 79 93 0
48 52 49 0
63 47 48 0
31 33 48 0
78 93 91 0
65 78 77 0
65 66 78 0
68 79 66 0
68 80 79 0
48 33 52 0
54 53 68 0
34 36 52 0
33 34 52 0
33 17 34 0
53 67 68 0
304 306 302 0
297 304 296 0
303 306 304 0
258 257 244 0
258 262 272 0
277 276 262 0
275 272 276 0
282 293 281 0
170 194 172 0
147 170 172 0
215 228 234 0
193 212 194 0
193 211 213 0
192 193 170 0
192 211 193 0
194 212 215 0
228 230 242 0
146 147 171 0
193 213 212 0
243 230 229 0
243 256 242 0
246 234 242 0
195 215 216 0
228 215 212 0
232 216 215 0
234 232 215 0
234 248 245 0
242 234 228 0
235 216 232 0
122 124 100 0
167 147 143 0
145 167 143 0
169 170 167 0
146 124 147 0
250 249 235 0
245 259 250 0
235 245 250 0
232 234 245 0
263 248 260 0
278 273 263 0
259 248 263 0
260 246 256 0
260 248 246 0
272 260 257 0
275 263 260 0
235 232 245 0
245 248 259 0
234 246 248 0
242 230 243 0
275 260 272 0
278 275 288 0
292 281 293 0
280 281 292 0
265 266 281 0
279 266 273 0
273 259 263 0
275 278 263 0
266 259 273 0
282 281 266 0
279 282 266 0
278 279 273 0
278 291 279 0
293 299 292 0
290 298 293 0
279 290 282 0
291 298 290 0
298 289 294 0
282 290 293 0
291 289 298 0
279 291 290 0
278 287 291 0
265 250 266 0
243 229 231 0
244 243 231 0
256 246 242 0
257 256 243 0
257 260 256 0
102 123 122 0
236 217 218 0
302 306 305 0
300 302 305 0
295 296 302 0
300 295 302 0
284 285 295 0
227 229 213 0
231 227 214 0
231 229 227 0
287 277 283 0
287 288 277 0
291 287 289 0
278 288 287 0
275 276 288 0
244 247 258 0
294 284 295 0
300 294 295 0
299 301 305 0
301 293 298 0
305 301 300 0
299 293 301 0
289 283 294 0
300 301 294 0
287 283 289 0
294 283 284 0
267 252 269 0
268 267 283 0
268 251 267 0
143 147 124 0
123 143 122 0
145 169 167 0
148 149 126 0
167 170 147 0
149 169 145 0
192 170 169 0
265 280 264 0
259 266 250 0
281 280 265 0
172 195 171 0
147 172 171 0
194 195 172 0
193 194 170 0
195 194 215 0
250 265 264 0
249 250 264 0
243 244 257 0
123 102 126 0
145 123 126 0
122 100 102 0
145 143 123 0
143 124 122 0
102 100 88 0
262 258 247 0
272 257 258 0
277 288 276 0
261 277 262 0
268 283 277 0
298 294 301 0
272 262 276 0
148 125 144 0
174 192 169 0
196 210 217 0
214 227 211 0
102 125 126 0
87 101 88 0
75 87 88 0
49 64 63 0
77 89 76 0
75 62 76 0
76 62 63 0
101 102 88 0
89 101 87 0
103 127 125 0
64 65 77 0
76 64 77 0
76 63 64 0
90 92 104 0
274 267 269 0
284 274 269 0
284 283 274 0
261 251 268 0
214 217 233 0
269 252 253 0
274 283 267 0
286 296 285 0
296 304 302 0
285 296 295 0
297 303 304 0
261 247 251 0
277 261 268 0
262 247 261 0
236 251 247 0
233 236 247 0
218 219 236 0
253 239 254 0
237 238 252 0
237 220 238 0
220 237 219 0
220 239 238 0
211 197 214 0
230 213 229 0
192 197 211 0
213 228 212 0
227 213 211 0
230 228 213 0
174 149 173 0
174 196 197 0
192 174 197 0
169 149 174 0
126 149 145 0
173 196 174 0
148 173 149 0
148 168 173 0
125 148 126 0
144 168 148 0
173 191 196 0
168 150 175 0
173 168 191 0
144 150 168 0
127 144 125 0
127 129 150 0
177 184 199 0
198 176 199 0
176 159 177 0
210 196 191 0
198 210 191 0
236 237 251 0
214 233 231 0
197 196 217 0
233 247 244 0
231 233 244 0
217 236 233 0
197 217 214 0
236 219 237 0
210 218 217 0
210 198 218 0
253 252 238 0
270 271 286 0
253 238 239 0
270 253 254 0
270 269 253 0
252 267 251 0
285 270 286 0
285 284 269 0
270 285 269 0
286 297 296 0
251 237 252 0
199 184 204 0
198 199 219 0
199 176 177 0
270 254 271 0
203 182 200 0
177 159 183 0
158 157 183 0
183 157 182 0
184 177 183 0
198 175 176 0
218 198 219 0
191 175 198 0
105 128 106 0
133 157 158 0
105 106 107 0
108 105 107 0
111 128 105 0
105 108 109 0
130 108 107 0
131 109 108 0
134 158 159 0
104 106 127 0
103 104 127 0
89 90 104 0
131 108 130 0
133 110 132 0
105 109 111 0
132 109 131 0
110 111 109 0
132 110 109 0
155 132 131 0
156 157 132 0
133 158 134 0
103 101 89 0
104 103 89 0
125 101 103 0
92 112 107 0
200 180 202 0
254 239 240 0
255 254 240 0
255 271 254 0
182 180 200 0
203 183 182 0
203 184 183 0
223 204 203 0
220 199 204 0
220 219 199 0
157 180 182 0
132 157 133 0
156 181 180 0
46 30 32 0
45 46 62 0
45 29 44 0
221 200 222 0
223 221 240 0
239 223 240 0
239 220 223 0
223 220 204 0
156 180 157 0
202 201 222 0
181 202 180 0
15 32 30 0
14 31 15 0
54 68 52 0
36 54 52 0
36 35 54 0
113 93 114 0
135 113 114 0
135 112 113 0
161 185 186 0
155 181 156 0
153 154 130 0
153 178 154 0
135 153 130 0
160 178 153 0
136 160 135 0
185 188 206 0
186 185 206 0
201 186 206 0
178 160 186 0
161 166 185 0
136 161 160 0
142 164 166 0
131 130 154 0
92 107 106 0
112 135 130 0
225 240 224 0
206 224 205 0
207 226 225 0
203 200 221 0
223 203 221 0
204 184 203 0
222 240 221 0
202 222 200 0
205 224 222 0
201 205 222 0
206 207 224 0
201 206 205 0
181 179 202 0
186 160 161 0
202 179 201 0
179 154 178 0
201 179 178 0
181 154 179 0
225 226 241 0
225 241 240 0
224 207 225 0
188 207 206 0
188 209 207 0
201 178 186 0
209 208 226 0
190 209 188 0
190 189 209 0
241 255 240 0
151 176 152 0
134 151 128 0
159 176 151 0
183 159 158 0
152 175 150 0
151 152 129 0
176 175 152 0
168 175 191 0
127 150 144 0
129 152 150 0
106 129 127 0
128 151 129 0
106 128 129 0
111 110 134 0
125 102 101 0
32 48 47 0
31 48 32 0
49 63 48 0
68 66 52 0
47 62 46 0
32 47 46 0
63 62 47 0
49 65 64 0
66 65 49 0
52 66 49 0
79 78 66 0
91 90 77 0
87 76 89 0
75 76 87 0
78 91 77 0
77 90 89 0
92 106 104 0
91 92 90 0
91 112 92 0
112 91 93 0
113 112 93 0
155 154 181 0
132 155 156 0
131 154 155 0
112 130 107 0
135 160 153 0
134 159 151 0
111 134 128 0
110 133 134 0
136 142 161 0
114 136 135 0
114 115 121 0
138 121 115 0
117 138 116 0
121 136 114 0
116 138 115 0
142 136 121 0
139 164 138 0
166 188 185 0
142 166 161 0
190 188 166 0
94 114 93 0
224 240 222 0
95 115 114 0
139 117 120 0
95 96 115 0
97 86 99 0
96 97 116 0
96 84 97 0
189 165 163 0
208 189 187 0
190 165 189 0
226 207 209 0
142 121 138 0
14 16 31 0
13 14 15 0
13 5 14 0
117 116 97 0
98 118 99 0
163 162 187 0
141 140 165 0
137 162 163 0
209 189 208 0
164 165 190 0
166 164 190 0
142 138 164 0
141 120 140 0
164 141 165 0
139 120 141 0
164 139 141 0
138 117 139 0
1 6 2 0
12 13 30 0
11 12 27 0
2 6 12 0
18 34 17 0
30 13 15 0

SubDomainFromMesh
1
3 1 1 0

SubDomainFromGeom
1
2 1 1 0

VertexOnGeometricVertex
43
 1 1
 2 2
 4 3
 8 4
 9 5
 11 6
 23 7
 28 8
 40 9
 45 10
 60 11
 62 12
 73 13
 75 14
 85 15
 88 16
 98 17
 100 18
 119 19
 124 20
 137 21
 146 22
 162 23
 171 24
 187 25
 195 26
 208 27
 216 28
 226 29
 235 30
 241 31
 249 32
 255 33
 264 34
 271 35
 280 36
 286 37
 292 38
 297 39
 299 40
 303 41
 305 42
 306 43

VertexOnGeometricEdge
0

EdgeOnGeometricEdge
43
1 1
2 2
3 3
4 4
5 5
6 6
7 7
8 8
9 9
10 10
11 11
12 12
13 13
14 14
15 15
16 16
17 17
18 18
19 19
20 20
21 21
22 22
23 23
24 24
25 25
26 26
27 27
28 28
29 29
30 30
31 31
32 32
33 33
34 34
35 35
36 36
37 37
38 38
39 39
40 40
41 41
42 42
43 43

End
